CF_User,movie_id,user_id,y_true
3.937555718791013,312,12601,4.0
3.864406182053241,155,12601,3.5
4.166205713435239,825,12601,3.0
2.9193459890661044,4062,12601,2.0
3.6885358038733784,483,12601,3.5
3.2595264735466607,1149,12601,3.0
3.1758775914479753,3441,12601,3.0
3.313222440650241,4869,12601,3.0
2.6016753572580065,4229,12601,3.0
2.8096603602070984,4271,12601,2.5
3.9863887039500847,4272,12601,3.5
3.081202240434242,2334,12601,3.0
3.480071179250292,1087,12601,3.0
2.0210528108184227,2732,12601,2.0
3.408089638290059,4323,12601,2.5
2.275985717378307,2928,12601,3.0
3.0560878399208278,6485,12601,3.5
2.9562938055990173,2932,12601,3.0
3.6070151193749758,4494,12601,3.5
3.456014340461472,26,12601,4.0
3.915909090909091,1126,12601,4.0
3.173890979839398,4623,12601,4.0
4.302290838147034,1815,12602,3.5
4.060232446274917,346,12603,4.0
4.44959338033662,185,12604,4.5
4.449072530420822,8209,12604,4.0
4.510026602262288,28,12606,4.5
4.19238582237844,124,12606,4.5
4.484903699339901,2477,12606,4.5
4.274890084589714,6147,12606,5.0
4.861737448902696,805,12606,4.0
1.7920326053245468,2006,12607,2.0
3.9311899544382176,556,12608,4.0
3.693526168600217,5815,12608,5.0
3.4956592872466765,3209,12608,4.0
4.225184452948994,958,12608,4.0
4.038663461048986,7202,12608,3.0
3.970869822696355,1777,12608,4.0
4.426181460378996,2,12610,4.0
4.167436961663766,110,12610,4.0
3.2998049340759623,990,12611,4.0
4.154456054885722,732,12612,3.0
3.506899526571042,1171,12612,3.0
3.3082704427925016,2692,12612,3.0
2.9740712081955256,58,12612,4.0
2.9521083573289455,1220,12612,5.0
4.291842290762036,3,12612,4.0
4.057148442510419,1230,12612,5.0
3.332858450818054,39,12614,3.0
3.228750138051438,1,12615,3.0
3.410538295005809,572,12615,3.0
3.3603190671920706,62,12622,3.5
4.600762279388102,622,12623,4.5
4.660618907102211,361,12623,4.5
4.058439324433434,760,12623,4.5
4.726141713077421,768,12623,4.0
3.743119713904025,139,12625,3.0
3.1519172342426502,196,12625,3.5
3.6187977230199215,291,12625,3.5
3.3370757555754693,1780,12625,3.0
4.671210448343321,1722,12626,4.5
3.868813786421732,1821,12626,2.5
2.7356451461401865,732,12627,3.0
3.185091553385584,33,12627,1.0
1.9750958863511592,188,12628,4.5
4.355182554803298,547,12630,4.0
4.022436485083544,35,12630,3.0
3.125475113122172,993,12630,3.5
4.09352595117301,360,12630,4.0
4.553049062470315,612,12630,4.0
3.8742908844139663,754,12630,3.5
3.554087660705308,3550,12630,3.5
3.7105124583032407,659,12630,4.0
3.5794494720965306,688,12630,4.0
3.6562058358081413,711,12630,3.5
3.5569461793295134,1624,12630,4.0
4.104230543738067,95,12630,3.5
3.144283191752396,2461,12630,4.0
3.067705595058536,2066,12630,3.0
4.050361794844908,3288,12630,4.0
3.717541393075449,2747,12630,3.5
4.005765858375012,10490,12630,4.0
2.857327039790275,1036,12630,3.5
3.9163612483895545,5061,12630,4.0
3.9221237816279513,5369,12630,4.0
3.430168622066799,2200,12630,4.5
3.848476472349946,385,12630,4.0
4.283952747666502,5261,12630,4.0
4.003248836058429,17661,12630,3.5
4.238770819623185,1105,12630,4.5
3.7836780757980715,38,12632,4.0
3.8487281923419694,59,12632,3.0
3.0675809906269205,8485,12635,3.0
3.31618278618475,1712,12636,3.5
2.8479892601545367,686,12636,2.5
3.813614100999966,5218,12636,3.5
4.110443343461512,1791,12636,4.0
3.3045855511184747,1049,12636,3.5
4.047651750672007,5790,12636,3.5
3.783176381115858,6479,12636,3.0
3.6798022362799268,14,12636,4.5
3.4848238790730726,522,12636,3.5
3.4624328280955474,1062,12636,3.0
3.5958303778027774,8040,12636,4.0
3.62132209469363,1074,12636,3.5
4.291943773778168,857,12636,3.5
3.7375766795720646,1640,12636,3.0
3.186330919402761,944,12636,3.5
4.0363117260872965,1126,12636,3.5
3.2265284611516587,1154,12638,3.0
3.97020807513063,2974,12638,3.0
4.081427256814065,34,12639,3.5
4.138890509771846,616,12642,4.5
3.47734968987595,1227,12642,5.0
4.168555701786296,8,12642,4.5
4.022646970209996,787,12642,3.0
3.990470392702536,147,12642,3.5
3.3709528963100386,25,12642,4.0
3.3044505782477485,39,12643,3.0
3.420447108536158,303,12643,3.5
3.6233498733970433,91,12643,4.0
3.2583747015101068,159,12643,3.5
2.8179606334017313,4516,12644,4.0
3.924936301791623,346,12646,4.0
4.600246417461777,598,12647,5.0
3.8775345097772256,2841,12647,4.0
4.004475216073353,1206,12651,5.0
3.9961114586229263,604,12651,3.5
3.749258058212127,258,12651,2.5
3.916961928263247,162,12651,5.0
3.665705068328363,767,12656,4.5
3.3907768469303012,1779,12657,3.5
3.5916459858977228,1825,12657,2.5
3.826929354029505,2180,12657,3.5
3.8986134069992726,1799,12657,5.0
3.307376520775195,2922,12657,3.5
3.361757946001367,1545,12659,3.5
3.6662085137085136,1176,12659,2.5
2.5793506493506495,293,12659,3.0
3.7858061755086383,660,12659,4.0
3.4543217893217895,766,12659,3.5
3.4866272616272616,3824,12659,3.0
3.3925963610536214,1825,12659,4.0
3.363004955570745,152,12659,2.5
3.199793187477011,1673,12659,3.0
3.042376883414069,1049,12659,3.5
4.6729042139858885,1722,12661,5.0
4.358938801280391,140,12662,3.0
4.067701183774742,346,12665,4.0
3.1265850815850813,1545,12667,3.0
1.9070753875410518,6272,12667,1.0
2.2664335664335664,187,12667,4.0
3.335351550916511,2851,12667,3.0
3.2978848928848925,558,12667,3.0
3.23266513708611,1597,12667,3.0
3.0133450128303068,2344,12667,3.0
3.1248265953978676,3497,12667,4.0
3.5569682536246003,1221,12667,4.0
3.6976402993054536,294,12667,3.0
3.433541181041181,1225,12667,3.0
3.935453296703297,2267,12667,3.0
3.4332627606311816,1259,12667,4.0
2.820720713110419,874,12667,3.0
2.7107111610439785,301,12667,3.0
3.788426573426573,693,12667,3.0
2.4142446034357796,1365,12667,3.0
3.1910235842588786,76,12667,2.0
3.4402444777444776,87,12667,4.0
3.1455344655344657,369,12667,3.0
3.9239224064157026,538,12668,3.5
3.1193433903731944,2788,12668,4.0
4.395539810410542,6203,12669,5.0
4.64387797867985,119,12670,4.5
4.570969154449588,1412,12670,4.0
3.4370130769579776,186,12672,4.0
2.5460420891926816,187,12672,3.0
3.048689234263005,351,12672,3.0
1.7826711602317729,1927,12672,2.5
2.6580345464709265,8408,12672,3.0
2.655087101102048,3567,12672,3.0
3.2952188303119505,874,12672,3.0
2.7599755155383123,886,12672,3.0
2.4907607746592912,8492,12672,3.0
2.586106816680587,2132,12672,5.0
2.251042447037357,8246,12672,3.0
3.0372702468684203,2563,12672,3.0
3.3045400704579024,338,12672,3.0
3.3113135339828927,382,12672,3.0
3.0988843196670888,901,12672,3.0
2.111397419330649,9556,12672,3.0
3.568863674700112,5661,12672,5.0
3.213061051487017,3410,12672,3.0
3.3011021989889615,2926,12672,3.0
2.8042809517731477,12002,12672,3.0
2.5419465433448916,943,12672,3.0
2.0382952541639154,1104,12672,3.0
3.862048650885721,21066,12672,3.5
2.8600719839826403,7818,12672,3.0
2.7902729869261087,21077,12672,3.0
2.109789121760127,9878,12672,3.5
3.916536023022441,1203,12674,4.0
4.057778443644123,189,12674,3.0
4.331547035762129,620,12674,4.0
2.9231483963693297,183,12675,4.0
1.9727479777475894,184,12675,3.0
2.5438562891502112,341,12675,3.0
2.9118826588269435,1549,12675,3.0
4.0548282631065415,354,12676,4.0
3.3087219509177395,3384,12678,4.0
4.6579815215909015,116,12680,4.0
3.804516804665562,357,12680,3.0
4.26551551804142,4205,12680,2.0
4.132162353807091,39,12681,4.0
3.6874995672364097,96,12681,4.0
4.081557843682375,1783,12681,4.0
3.1777877301191655,3641,12681,3.0
4.280775849838013,288,12682,4.0
4.456758877562375,599,12682,4.0
4.0394671645430495,420,12682,4.0
3.4990290024372115,5577,12682,4.0
4.705959778222265,3043,12683,4.5
4.747939775239066,140,12684,1.5
3.4704187887896247,141,12684,4.5
4.125826166259738,1470,12684,2.0
3.1475534142603103,809,12684,3.5
3.409215208979861,1354,12685,4.0
3.9945475737117735,77,12688,4.0
3.391903981842424,55,12688,3.0
3.133928720632132,1576,12689,2.5
2.8652338296773476,305,12689,2.5
3.5694658974268867,3207,12691,5.0
3.2184945510708762,2694,12692,3.0
2.7094873230902645,1833,12692,3.0
3.8561004470561273,1196,12692,4.0
4.493840990570492,845,12694,1.5
3.867354832060021,1229,12695,4.5
2.720459906921411,1845,12695,2.5
4.053734158300836,1259,12695,4.0
3.813303090395213,74,12695,3.5
3.5322054727865924,1783,12695,3.0
3.458480973528387,1078,12695,4.0
3.740997664330998,955,12695,3.0
3.3594744565708266,612,12696,5.0
3.1605259779839154,1657,12697,1.5
3.2116759917069517,358,12697,3.0
3.9290339453185057,1273,12697,4.5
3.5767571730793812,71,12697,5.0
3.512879049092873,72,12697,3.0
3.7733442580811003,714,12697,2.5
3.896920634834722,921,12697,5.0
3.1949526825129526,1184,12699,4.0
3.224146993083653,83,12704,4.0
4.263023725809067,2828,12705,3.5
5.0,606,12707,5.0
4.410120640622661,638,12707,5.0
4.696771426829152,1472,12707,4.5
5.0,1045,12707,4.0
4.558745441242304,389,12707,4.0
4.483098403503208,830,12707,4.0
4.618652237550456,1885,12707,4.5
4.056918954615781,4302,12707,3.5
3.399374925392634,0,12708,5.0
4.663671131787847,34,12709,4.5
3.9397322100402805,139,12709,5.0
4.12417064096183,592,12709,4.0
4.5138818815186585,1710,12709,4.5
4.109004455155226,660,12709,4.0
4.323355985977345,1557,12709,3.5
4.557417839156846,1521,12709,3.5
4.069450440499136,317,12709,4.0
4.508547836610372,273,12709,4.0
3.8952801600594795,148,12709,3.5
4.280466249859443,377,12709,5.0
3.5574820102798395,154,12709,3.5
3.6648550097078862,2212,12709,3.5
4.2726438595022875,160,12709,3.5
4.561592820196242,2497,12709,3.5
4.270107498353857,1679,12709,3.5
4.757776299035335,474,12709,4.0
5.0,479,12709,4.0
4.154597532350737,488,12709,3.5
3.6196404103913684,29,12711,4.0
3.59589821340109,2514,12711,3.0
3.7535136698400757,579,12711,3.0
3.317145666498388,3697,12711,3.0
4.058784238323879,765,12711,5.0
3.5381895960399286,307,12711,4.0
4.307619707023587,4532,12711,3.0
3.570836491298435,2092,12711,3.0
3.514866365942129,1632,12712,2.5
3.771684549526025,563,12713,3.0
3.592707674999441,996,12713,4.0
4.005769973905568,738,12713,4.0
3.546011583576378,2262,12713,4.0
3.9147878310484243,124,12713,4.0
3.6872864313043774,1224,12713,4.0
3.8767274192380126,624,12713,4.0
3.2889112316729463,1273,12713,4.0
3.999271846722856,1295,12713,3.0
1.312514220893281,1614,12714,0.5
3.0590932044740313,1594,12715,4.0
3.407267648494064,1653,12715,4.0
4.019295755191288,1204,12715,4.5
2.9585356860121013,1211,12715,1.0
3.5255486730250887,592,12715,4.5
4.1092256210770355,687,12715,4.0
3.359763416614832,242,12715,4.0
3.8062770406613504,2325,12715,4.0
3.793024946751362,975,12715,2.0
3.7397172162853534,5273,12715,3.0
3.5458207052765536,2163,12715,3.5
3.085215237605835,3979,12715,3.5
4.109790680318904,9552,12715,4.0
3.8088428735425675,9244,12715,4.5
3.1920898364776957,8269,12715,2.0
3.0548778791530005,1828,12719,3.0
3.430827509924108,287,12719,3.0
2.4677833093149673,58,12719,3.0
3.7844096850103552,572,12719,4.0
3.1840391265238828,3216,12719,3.0
3.524885503412907,21093,12719,3.0
2.7873437363405893,3688,12719,3.0
2.8663455789073025,1555,12719,4.0
4.062012627341054,1235,12719,5.0
3.961204294689051,205,12719,4.0
3.3751963804123517,5559,12719,1.0
3.1398705691407787,1913,12720,3.0
3.0593973090801425,1577,12720,3.0
3.39808115852004,50,12720,3.0
2.8805634522448353,356,12720,2.0
4.0728105711508045,45,12721,5.0
3.9596264220675987,624,12721,4.0
4.70901273135525,2,12724,4.5
4.234195461765535,9,12724,4.0
4.342152540290725,273,12724,3.0
3.9613445120616437,324,12724,2.5
4.04820131753687,1671,12724,4.5
4.143292200438801,3008,12724,4.0
3.278002506667466,161,12724,2.5
1.4905111249324814,7161,12724,1.0
3.5691731189386378,457,12724,1.0
3.61420176257942,4120,12724,3.5
3.363816171199009,578,12725,3.0
2.596840513760391,1994,12727,5.0
3.096344225770464,1170,12728,4.0
4.7900985709169674,738,12730,5.0
3.6375738374971074,197,12731,3.0
4.116318651369284,613,12731,5.0
2.943610032431896,1981,12731,2.0
3.06891334729006,1668,12731,3.0
2.4716680102385222,993,12733,3.0
5.0,782,12735,4.0
3.7069118666729954,1643,12737,4.0
4.110743484598283,346,12741,5.0
3.21799742780051,599,12742,3.5
3.8307545258319253,63,12742,4.0
3.659501072091082,876,12742,4.0
4.303420683706837,762,12742,3.5
3.839896745715058,98,12742,3.0
3.2939663627435367,307,12742,1.5
3.0652355487649605,325,12742,2.5
3.0963941559529795,897,12742,3.5
3.9291655534008476,409,12742,2.5
3.687671352770037,1066,12742,2.5
4.092534631272617,1093,12742,3.5
3.8235738376897337,960,12743,4.0
4.230682414603413,8,12743,3.5
4.98626175402502,111,12744,4.5
4.5320127849631,4473,12744,5.0
4.892680551069258,2796,12744,5.0
4.401437155326223,6414,12744,4.5
4.119477063173319,7812,12744,4.0
3.504157657430724,889,12749,4.5
3.229802772261985,147,12749,4.0
3.581625809447874,333,12749,4.0
3.1346329702276234,2751,12749,3.0
3.6037736371548243,488,12749,4.5
2.0812718503984806,114,12750,0.5
2.25443515704154,1829,12750,1.0
2.901443210262829,355,12750,4.0
2.7078875379939213,358,12750,1.0
3.0133637284701114,742,12750,4.5
2.9321732522796355,631,12750,1.0
2.938491227882489,2506,12750,1.0
2.435668923275306,1159,12750,4.0
3.01193515704154,1303,12750,4.0
2.871578014184397,1980,12750,0.5
3.2920417899111323,1160,12750,4.5
2.532175840271354,1349,12750,1.0
2.115982776089159,1617,12750,1.0
2.2705798456862287,1023,12750,1.0
2.5565780141843972,87,12750,4.5
2.550744680851064,719,12750,4.0
2.321220871327254,1412,12750,1.0
3.577949359249109,775,12750,4.5
2.688973295179151,311,12750,4.0
1.8815455466519295,259,12750,3.5
2.266067258600112,266,12750,4.0
3.4380948392341075,325,12750,4.5
2.591638999978747,327,12750,3.5
2.951422466129346,329,12750,4.0
1.2204212505725371,2151,12750,4.0
2.4161346507341506,2626,12750,4.0
2.9712577099954656,2194,12750,4.5
2.6716579929669417,2197,12750,3.5
3.1326569842339556,1680,12750,4.5
3.1697260316626212,9959,12750,4.5
3.1828161468808553,1639,12750,4.0
2.6268760236592725,1642,12750,3.5
3.7615714784778382,171,12752,4.0
3.936259023357715,300,12753,4.0
4.228416869164547,459,12753,4.5
4.17874426295894,3542,12754,3.0
4.388309464136532,119,12754,4.0
4.476800186310841,613,12754,3.0
4.07678312884069,34,12755,4.5
4.042953159375173,1208,12757,4.5
4.218055346092694,54,12757,4.0
4.123026932467971,364,12757,3.5
4.0730516695117,4528,12757,4.5
3.341996092980849,201,12759,4.5
3.9723736114833677,1465,12759,4.5
3.3588331122275688,349,12761,3.5
3.538586812761541,300,12761,4.0
3.898113656601845,2063,12761,4.0
4.358629906242136,145,12761,4.0
4.045721345667776,888,12761,1.5
4.371918445339499,151,12761,4.5
3.4090226514326747,802,12761,4.0
4.067447847560077,2197,12761,1.5
4.039053258115475,6380,12761,2.0
2.9607305391007603,937,12761,4.0
3.462048920236166,2712,12762,4.5
3.545168977994347,2362,12762,4.0
4.16926970870028,17,12765,3.0
3.8531899228648157,1454,12766,4.5
2.3514060920877093,1546,12768,1.0
3.260750344951786,347,12768,5.0
4.518937805033261,34,12769,1.0
3.3967710471491754,1424,12770,2.0
4.097606052588076,2095,12770,4.0
4.790530988815008,342,12771,3.0
3.264220430107527,113,12772,3.0
3.6820856479650046,1,12772,3.5
2.407018049155146,187,12772,3.5
3.242672811059908,1208,12772,4.5
3.911720430107527,578,12772,4.0
4.071089116976213,59,12772,5.0
3.0028184987055955,2614,12772,1.5
3.2095586335707305,3270,12772,3.0
3.979974398361495,1718,12772,2.5
2.7891609062980027,308,12772,3.0
3.859082722231378,887,12772,3.5
3.3512501283504603,889,12772,4.0
2.139532285493428,10916,12772,3.0
3.134458152445558,3642,12772,2.5
2.81047119323329,2124,12772,3.0
3.7036251142363206,2159,12772,2.0
3.1808417631004704,798,12772,4.5
3.7975881408281786,802,12772,4.0
1.84197232986285,7370,12772,2.5
3.589856652666209,3056,12772,4.5
3.870171947664606,2586,12772,4.0
3.8400850174232635,2752,12772,5.0
3.1725736047107014,157,12772,3.5
3.703593384406789,428,12772,3.5
3.531208909473976,2537,12774,3.0
3.841100162313734,294,12774,4.0
3.107941525041399,1427,12774,2.0
3.4100107983502905,1461,12774,4.0
2.9820595061628157,732,12775,3.0
3.477173691663871,990,12775,3.0
2.2028996246058528,3064,12775,2.0
3.424139731697456,52,12775,3.0
3.439392338925682,2548,12775,2.0
4.257393871746812,142,12775,5.0
3.516109583256023,357,12776,4.0
3.572309045062737,1655,12777,3.0
2.997470664788302,1185,12777,3.0
3.429411434013792,735,12777,1.0
3.690827184940962,1203,12777,4.0
4.052870146906658,51,12777,3.0
4.437823161789732,641,12779,3.0
3.102073827871309,1371,12779,4.0
2.22014282978606,1377,12780,2.0
4.600532563289763,821,12781,4.5
3.257521840771572,4083,12781,3.0
3.967385363355251,4351,12781,4.0
3.152694054056444,1216,12782,4.0
3.809831128114157,303,12782,3.5
3.656653120554799,1473,12782,3.0
3.355133255105939,316,12782,2.0
2.7468031122096197,323,12782,2.5
3.4113854334831175,377,12782,3.0
3.5163982476709315,3364,12782,4.0
3.6847395626989226,488,12782,3.5
3.350989320093583,495,12782,3.5
3.4103047962452187,4940,12782,4.0
3.515712156596605,2780,12782,3.5
3.6641931942773787,2787,12782,4.5
3.4194641523562357,9645,12782,3.5
2.964680126248453,9210,12786,3.0
4.047932671082159,732,12788,4.5
3.4511417944295815,996,12788,3.0
4.4687927792584246,350,12788,4.5
3.605346410724159,43,12788,1.5
4.200790752690222,4,12788,3.5
3.5490554008387707,295,12788,4.5
3.680879350518337,1246,12788,1.0
3.275789558064414,873,12788,3.0
3.8703923735495827,890,12788,2.0
4.279802310662693,1037,12788,5.0
4.3924870639898606,1045,12788,3.5
4.463366929170011,165,12788,4.5
3.959877084572993,1807,12788,5.0
4.75239357581651,7224,12788,3.0
3.093175104551782,920,12788,2.5
3.2517725047925023,6650,12788,4.0
4.18395895200357,5294,12788,2.5
3.1823916830889547,4416,12788,4.5
3.9623135867766077,10275,12788,2.0
3.5607241323020546,4623,12788,4.0
4.2026102022364835,3031,12790,5.0
3.631641794407645,2296,12790,5.0
3.8259072890286685,169,12790,4.0
3.8719819722760898,1237,12791,3.0
3.8183254327371974,1310,12791,3.5
3.3331930871061304,1366,12791,3.5
3.094202010391068,8362,12791,0.5
4.110748946129965,1057,12791,3.0
4.095477940483927,2858,12792,3.0
4.144711873457815,613,12792,5.0
4.2808818873680305,1227,12792,5.0
4.360832542720247,6894,12793,5.0
2.992471994379889,1135,12794,2.0
2.653921489438347,87,12794,4.0
3.1781511410147436,36,12795,3.0
3.1761015940443906,27,12796,3.0
4.137037400583912,121,12796,5.0
4.027781845397411,749,12796,3.0
4.215591901638414,364,12796,3.5
3.3640750730563673,1522,12796,3.5
4.240664659878292,1791,12796,4.0
3.4545405695995877,2225,12796,3.5
4.041929646019636,1880,12796,3.5
4.307786398909637,419,12796,4.0
4.423664705021983,915,12796,3.0
4.1686661884627,173,12796,4.0
3.405909322807932,140,12797,5.0
3.141160290759138,993,12797,3.0
2.45254894417372,1156,12797,5.0
1.9617040901030594,1838,12797,1.0
2.9117722260936962,4514,12797,4.0
3.7968833015725933,1709,12797,1.0
3.235239372717796,8063,12797,2.0
3.8547170538418296,63,12797,5.0
2.92941173416151,648,12797,4.0
3.489513646138422,5,12797,3.0
2.3941131547604333,5171,12797,3.0
3.073600531475307,3109,12797,3.0
3.462440252352248,4790,12797,3.0
3.3114439380687135,3709,12797,3.0
3.5131189297437055,1318,12797,2.0
3.0429861413851107,2409,12797,4.0
3.5335814978555273,707,12797,2.0
3.374993900650934,3115,12797,3.0
3.3857934594991725,3121,12797,4.0
3.4275335831906166,772,12797,4.0
3.2644507633516104,1474,12797,3.0
3.737940600605025,1480,12797,1.0
3.6258403758736057,1483,12797,4.0
2.9374355500018217,307,12797,4.0
3.449699097501303,968,12797,4.0
3.04043294533516,109,12797,3.0
4.372880987390021,342,12798,5.0
3.4238308767083474,993,12798,1.0
4.55127221432614,36,12798,5.0
4.781157658874058,707,12798,5.0
4.338496887924624,833,12798,5.0
3.418669520148178,1829,12799,4.0
4.099040918077468,990,12799,5.0
3.5400038720947955,1206,12801,4.0
4.29248652672048,53,12801,5.0
4.278250893173817,660,12801,4.0
3.99727879699182,79,12801,4.0
3.8995185767029517,83,12801,4.0
3.979961973695103,4538,12802,5.0
4.1341738067072455,2835,12803,5.0
3.8121519515116447,2616,12803,2.5
3.8364067757263958,338,12803,4.0
3.430394392597279,588,12804,3.0
3.3283244220498647,604,12804,4.0
2.9132836875944297,612,12804,3.0
3.106345811110849,10827,12804,1.0
2.164099802041339,4579,12804,1.0
2.0020238746650354,96,12805,0.5
1.7519303181536354,3811,12805,2.0
2.6357211259080113,180,12805,4.0
3.4605994732026564,1225,12806,1.0
3.8758961215574894,1601,12806,5.0
4.693480416109495,9024,12806,4.5
3.4729943430034607,369,12811,4.0
2.8769619009819705,5552,12811,3.0
2.9002173516516976,1719,12811,3.0
2.3075027059833255,3310,12811,2.0
2.4602987556848697,17781,12813,2.0
2.867516456383059,1838,12814,2.0
3.633920191726992,1776,12814,3.0
2.608140271919715,2608,12818,2.5
3.7944677789454944,1931,12824,5.0
3.1241994424352018,2340,12825,3.0
4.041262795748555,607,12825,3.0
3.501707341345943,609,12825,2.5
3.468056773829298,1344,12825,3.0
2.9849434900542495,1021,12825,3.0
3.7303840838807125,719,12825,1.0
3.2079007913958386,3129,12825,3.5
2.689463708397997,2968,12825,3.5
3.525809503126145,152,12825,4.5
3.5852360724123686,5500,12825,3.5
3.7764749681221055,1682,12825,4.0
3.598639709770206,1768,12825,3.0
3.517723825660672,852,12825,5.0
3.4144673397619347,21150,12825,3.5
2.9090913563113405,2470,12828,2.0
3.1676474448306644,279,12828,1.0
3.148089057956101,516,12828,3.5
3.298058947352654,4244,12828,4.0
3.8196192794922768,13735,12828,4.0
3.5125456056957605,1775,12830,3.5
3.5215824915824916,990,12830,3.0
3.4124284511784513,1657,12830,3.0
3.0501811368372165,289,12830,4.0
3.960004208754208,294,12830,4.0
3.9337814037814036,1230,12830,3.5
3.34378626003626,718,12830,2.5
4.121734006734007,2622,12830,3.0
3.521304117880262,4806,12830,3.5
3.975625305544962,350,12831,1.0
3.741452921067423,1787,12831,5.0
4.374185365680001,349,12832,4.0
3.1704558607894704,4989,12833,2.0
1.3028358288155495,2910,12834,4.0
3.6433415022976323,1007,12836,3.5
4.19354177701965,273,12836,4.5
4.009426348979828,150,12836,2.5
2.899484232387297,8292,12836,3.5
3.2221819636885503,5889,12836,3.5
3.2089749083346244,2926,12836,3.5
3.7652519696097566,182,12836,3.5
3.145322766285809,5577,12836,2.5
3.4640144768673875,286,12837,5.0
3.2656194277573167,2341,12837,4.0
3.168020094787479,1218,12837,5.0
3.838674835162047,1710,12837,3.5
4.1163665644853555,2268,12837,4.0
3.3359482083405925,1250,12837,3.0
3.2409912902586746,1321,12837,4.0
2.9436611204285046,1613,12837,2.5
3.6075976822327136,135,12837,5.0
3.1464239825663665,1435,12837,4.0
2.526191823714289,10211,12837,3.0
3.683198369516451,10217,12837,4.0
3.5655357041780884,2123,12837,3.5
3.6089824586076222,795,12837,3.0
3.5286821958443166,335,12837,3.5
2.8882071064606323,10880,12837,3.0
2.9700329414915996,6149,12837,3.0
3.5425454471485684,4809,12837,3.0
3.824688371607432,7933,12837,3.5
3.5227555701550886,2222,12837,3.0
3.1007182606986685,5756,12837,3.0
3.8248120716194802,10041,12837,3.5
3.943194406018911,2246,12837,3.5
3.644157212145824,161,12837,4.0
3.451894427784443,10270,12837,3.5
3.219706881665557,4066,12837,3.0
2.988080085231149,480,12837,3.0
1.4738407612692697,5663,12837,2.0
2.457482014544935,8288,12837,2.5
2.984965941588149,5669,12837,2.0
3.138817144959529,1637,12837,3.5
2.78805812163983,8660,12837,4.0
2.9201690788523305,15771,12837,2.5
3.4961430054121596,990,12838,4.0
3.9026103045895892,2115,12839,3.5
3.598913938956549,4045,12839,3.0
3.904719013164219,41,12840,4.5
3.9291558150328765,299,12840,4.0
3.781068728184601,1366,12840,4.0
4.545720910819368,374,12840,3.5
4.85871387211872,409,12840,4.0
5.0,163,12840,4.0
4.680697044334975,477,12840,5.0
3.839513488125103,850,12840,4.0
4.256474875545378,952,12840,4.0
4.5963280324820115,954,12840,4.5
1.9563839945253483,2293,12841,1.0
2.595562584536427,2622,12841,3.0
3.717092430097701,273,12843,5.0
2.8365712862202144,324,12843,4.5
3.7601410210578283,2152,12843,4.0
3.625107933861804,2820,12843,3.5
4.096651113912244,171,12843,5.0
3.617404348323645,6382,12843,3.0
3.9299646268763917,955,12843,4.5
3.2749208180326965,2514,12844,4.0
3.588184824932192,754,12844,4.5
3.069320274456663,738,12845,3.0
2.4999770435809254,10182,12845,3.5
3.993726708223711,59,12845,3.0
3.5564346375492875,870,12845,5.0
3.3513794109131783,1159,12845,3.5
3.8787156898303397,219,12845,3.5
3.6272267620914116,1977,12845,4.0
3.721553685168335,686,12845,3.5
3.1746451076347575,1391,12845,4.0
3.655958447073097,1028,12845,3.5
2.2761877888097914,2034,12845,4.0
3.222761435751085,3286,12845,3.0
3.454830547195197,2350,12845,4.0
2.918379795341568,1729,12845,2.5
3.779570863517046,7073,12845,4.0
3.6448437284583783,2226,12845,4.5
3.9807968549364134,4034,12845,4.0
4.017577248927877,13,12845,2.0
3.321915159279809,167,12845,4.5
4.859695325626727,115,12846,4.0
3.564861678766853,2455,12848,5.0
3.246234589975134,1598,12848,3.0
5.0,1229,12849,5.0
5.0,295,12849,5.0
4.598459967320262,2015,12849,4.0
4.509633052052556,4140,12849,4.5
4.957531871723049,852,12849,4.0
4.976804329445439,4304,12849,5.0
4.705109732995763,20,12849,3.0
4.663258615421761,24,12849,5.0
4.941114919251047,1644,12849,4.0
4.839903577990546,140,12850,5.0
3.286923194194866,1903,12851,3.5
4.082164612133652,373,12851,4.5
3.810549315880198,327,12851,3.5
4.4121651688724866,140,12852,4.0
3.585080159765178,993,12852,2.0
3.781449541469733,361,12852,2.5
3.786635884096722,802,12852,4.0
3.2141793116010056,52,12853,4.0
3.7437850631765714,634,12853,4.0
2.9472225183942125,297,12853,2.0
2.558424879629468,209,12853,3.0
3.642856198439657,2683,12853,5.0
3.227031813631139,653,12853,4.0
3.346284330764848,366,12853,4.0
2.6833739009060436,1023,12853,3.0
4.29549431604101,142,12853,5.0
3.0278345027908595,3123,12853,3.0
3.050699632677778,2041,12853,3.0
2.940078357000051,108,12853,3.0
3.270297031462446,1543,12853,3.0
3.3582892959313755,1781,12856,3.5
2.7814792475208314,1517,12860,3.5
4.951640447430194,115,12861,5.0
4.816561930711032,604,12861,5.0
4.811137278546445,124,12861,5.0
4.271256868047822,1323,12861,5.0
4.218704502553075,71,12861,3.0
4.1180758478321104,1560,12862,5.0
2.3478084172459974,187,12863,3.0
2.9993920061677315,1025,12863,4.0
3.711271598712228,1791,12863,4.0
4.252978205137982,905,12863,4.0
3.2302597268204822,3585,12863,3.0
2.8571944478027644,4233,12863,5.0
3.1949703077121767,1761,12863,4.0
3.9826258852883702,6643,12863,4.0
3.175033429092181,175,12863,3.0
3.5256530314965766,2804,12863,4.0
2.737525998794093,1106,12863,3.0
3.337424812030075,952,12863,2.0
4.368111942575588,1665,12866,4.5
4.595630283413347,17,12868,5.0
3.8755447993440617,863,12869,3.5
3.333084168401029,121,12869,4.0
2.9121219757734655,1224,12869,2.5
3.666699959801682,142,12869,4.5
3.8627300984495836,1028,12874,1.0
3.4249159914332794,2046,12875,3.0
3.0963781487153086,583,12877,2.5
0.9992110657314727,210,12877,0.5
3.069274489506707,8,12877,4.0
3.986887108457898,1579,12879,3.5
4.004633658149936,39,12881,4.0
4.474973757770155,374,12882,4.5
2.7993261731084025,44,12884,1.0
2.723903873746851,1028,12884,4.0
1.7129619748096556,1784,12884,5.0
2.362010656959588,2972,12886,3.0
3.0619683453289417,607,12886,4.0
4.3365191020952745,354,12887,4.5
3.437737451287762,65,12887,4.0
3.236087700072793,303,12887,5.0
3.1471857281592204,8394,12887,4.5
2.982477009551621,8078,12887,3.5
3.8998893458655175,442,12887,3.5
4.003766840069361,1227,12888,5.0
4.2892342463301105,66,12888,4.0
4.462214642267163,5,12888,4.0
4.346176067605482,5898,12888,4.0
3.8967004688894162,44,12890,4.0
2.964076805013171,127,12891,2.0
3.742348427166881,66,12891,4.0
4.437544484719594,8355,12892,3.5
3.4207137322371923,205,12893,1.0
4.08364517895015,538,12894,5.0
3.6900782274466484,33,12895,2.5
2.6407068894025416,343,12895,1.5
3.348831062331062,744,12895,2.5
3.6088678792722906,628,12895,2.0
2.8493249018249016,640,12895,3.5
2.7981652318165473,1558,12895,2.5
3.1358656195612715,713,12895,2.5
3.595812001681567,988,12895,3.5
3.760649688149688,1431,12895,4.5
3.5521181190995432,4695,12895,3.5
3.340134578259578,1721,12895,3.0
3.0715830929801515,255,12895,4.0
3.6124685233952967,318,12895,3.5
3.33666724902019,3609,12895,3.0
3.294150506356931,643,12896,3.0
3.196506889172125,1176,12899,3.0
3.844048921318239,537,12905,2.0
3.036964120861999,1710,12909,5.0
2.900219681041014,55,12909,3.0
3.604514294144821,1653,12910,4.0
3.945629065539564,889,12910,4.0
3.9177325324090635,339,12910,4.5
3.484487795332373,8071,12910,4.0
3.693767835380029,414,12910,3.5
3.564881636273059,1931,12911,3.5
5.0,612,12913,5.0
4.749718054714311,2935,12913,4.0
2.0934664502586937,10481,12915,5.0
2.2803173324101995,2124,12915,2.5
2.7329957907589484,1896,12917,4.0
3.6642351721693953,191,12917,3.0
4.023017532127907,560,12918,4.0
4.719037132243402,758,12918,4.5
4.046306986836239,809,12918,4.5
4.142180023278599,4072,12918,3.0
3.8676769724792783,899,12920,1.5
4.801639422721522,358,12923,5.0
1.0171301306859744,722,12927,2.0
3.5856229197175797,535,12929,4.0
3.1327504461753604,1168,12932,1.0
3.288197021085322,1912,12932,3.0
3.5699049826807183,51,12932,4.0
3.510379602437792,3333,12932,3.0
3.480867246179746,623,12932,3.0
2.9809049744488862,756,12932,4.0
2.322678096757044,64,12932,1.0
2.8579721941070626,1160,12932,4.0
3.1109847689075627,370,12932,3.0
3.817819368131868,1509,12932,1.0
2.9022734658956573,1576,12934,2.0
3.5274847509541454,51,12934,3.0
3.2117943575856662,1001,12934,5.0
3.476711110518724,119,12934,5.0
3.084145722690178,120,12934,5.0
2.782633102174411,614,12934,3.0
3.3448785079124637,633,12934,4.0
3.036846811671689,300,12934,3.0
3.595781190197499,364,12934,4.0
3.057741121626841,1960,12934,3.0
3.281418275334584,2276,12934,3.0
2.9902876412627735,1014,12934,3.0
3.116802270687386,1361,12934,5.0
3.0754983619146707,1373,12934,2.0
2.4187547025470235,6006,12934,1.0
2.4376231907291035,85,12934,2.0
3.4045835351958518,2972,12935,2.0
2.539627241489558,1828,12935,3.0
3.148178212642964,1830,12935,2.0
2.8394553300676466,39,12935,4.0
2.2258839014962177,1838,12935,2.0
3.1582760926384092,1840,12935,3.0
3.1933930590053756,1698,12935,5.0
3.265602516214833,592,12935,4.5
2.956241044353361,2744,12935,3.5
3.440224560836877,1227,12935,4.0
3.1752337183460346,2490,12935,5.0
3.1116775522898688,46,12935,4.0
3.5014759114211693,1256,12935,4.5
3.223026758639075,648,12935,4.5
2.933404136528897,1270,12935,3.0
2.514014063267901,2848,12935,2.0
3.3454077110200275,695,12935,3.0
2.209730055342372,1331,12935,3.5
2.2826646904234225,8518,12935,2.5
1.96544293631198,2408,12935,2.5
2.8072331078454242,1617,12935,3.5
3.5033640133696884,1413,12935,3.5
3.2512951569074735,241,12935,3.5
2.9523459688406386,1427,12935,4.0
2.6555469527642455,1474,12935,3.0
3.2273018067864263,3966,12935,3.0
3.2392176210888737,787,12935,4.0
2.916427160912294,976,12935,3.0
3.3565224313243385,2110,12935,2.0
3.1113049883556814,2111,12935,3.0
4.0469318260401455,9913,12935,4.0
2.960165385854975,149,12935,4.0
3.5150505681628847,1037,12935,3.0
1.1765988780445649,10541,12935,1.5
3.5008497044060745,1047,12935,3.5
3.251042631654948,899,12935,4.0
2.768364060226377,158,12935,4.5
3.6274096434758643,802,12937,4.0
2.7433218411363285,545,12942,4.0
4.386331549812686,115,12942,2.0
4.749275788861697,348,12942,5.0
4.4770961882504965,140,12944,5.0
3.95595055978033,123,12944,4.5
4.500223855769095,549,12946,4.0
4.062663762374819,579,12946,4.0
4.4769341937311875,140,12947,5.0
3.9916466028441713,517,12949,3.5
3.9681275692739773,849,12949,4.0
3.0896655494743164,15,12950,4.0
3.911504932218476,763,12951,3.5
3.297260404827022,1646,12954,1.0
3.511328117687548,41,12955,4.0
3.6716371848240303,696,12955,5.0
3.653197499607398,1355,12955,4.0
2.9227637670379147,88,12955,3.0
3.5045485166742742,3030,12956,4.0
3.439957209212289,355,12958,5.0
3.43215769447422,1851,12958,4.5
3.4062131226291337,1730,12958,3.5
3.3689488920950597,1735,12958,4.5
2.946100793864457,3652,12958,2.5
4.21229398569443,2725,12958,4.5
3.7146852066663465,419,12958,4.5
4.123561059950082,183,12959,3.0
3.8683887182385295,537,12959,4.0
4.195504930883362,1555,12959,4.0
4.309598395229264,1180,12961,4.0
3.4159814008705975,57,12962,5.0
2.609276333189544,2341,12962,3.0
3.310900868657712,354,12962,5.0
2.5354175098720932,1156,12962,3.0
2.2102355306488093,3216,12962,2.0
2.0239968023510353,3091,12962,2.0
3.377810981160877,1206,12962,3.0
1.9287496752658622,6245,12962,2.0
2.4901004484896454,197,12962,4.0
2.791658473292084,2845,12962,3.0
2.6051425122062066,1006,12962,3.0
2.723776431926498,871,12962,3.0
2.8938385437277403,647,12962,4.0
3.0093544167436135,2683,12962,4.0
2.345639526968392,4516,12962,3.0
2.3233901664211665,3109,12962,3.0
2.9778562621204587,1336,12962,2.0
2.6045441870772934,2411,12962,3.0
3.0352083386174167,3304,12962,3.0
2.2323512702156325,10314,12962,3.0
2.5467468898618932,80,12962,3.0
3.8570734338376305,1137,12962,5.0
2.330281757376836,1424,12962,3.0
3.0121372476148873,3134,12962,2.0
2.463792827645262,2066,12962,3.0
2.117968182205205,3192,12962,3.0
2.58559612547873,5452,12962,2.0
2.388185280131087,2097,12962,3.0
3.2640800361063294,1035,12962,4.0
3.983721770555506,1903,12963,2.0
4.431994458265113,140,12963,5.0
4.658489560502,2346,12963,4.5
4.904445257916958,241,12963,4.0
4.28361777351464,7608,12963,5.0
3.9934376359965524,1208,12966,4.0
4.6604536494875894,300,12966,5.0
4.6621713519503265,144,12966,4.0
2.6070277455564583,5188,12967,2.5
2.856034563607527,1448,12968,3.0
3.0522295855849153,4997,12968,2.5
3.057416801503468,11016,12968,2.0
3.757692006647177,6203,12969,4.5
3.5006029632532503,7046,12969,4.0
3.2177995738181373,1646,12969,1.5
4.45708915056885,2508,12971,3.0
3.471643782011647,344,12972,3.0
2.8203471955406436,189,12972,5.0
4.096857136272346,7,12973,2.0
2.698352440014532,1613,12975,4.0
3.898936026744164,1775,12976,3.0
3.9298001865978573,1168,12976,4.0
3.222386627569571,1909,12977,3.0
4.11229412396894,119,12977,5.0
3.9069874861623024,54,12977,4.5
4.293744280279778,2346,12977,4.5
3.944974221649038,753,12977,4.0
3.342617689292506,648,12977,4.0
3.7964999173582914,72,12977,3.0
4.646287991943072,1032,12977,3.5
2.9949628149271055,1729,12977,2.0
3.2790462607210773,266,12977,3.0
4.411194861389415,380,12977,4.0
4.054869047411511,809,12977,4.5
3.4895031320661065,156,12977,5.0
4.01162496469684,2582,12977,3.0
4.117547975509557,157,12977,3.0
3.1587467823035493,10703,12977,2.5
4.116528570078387,849,12977,4.0
4.140406246752906,10651,12977,4.0
4.6511130676740216,2782,12977,4.0
3.9914705114727576,4880,12977,3.5
4.301490135915866,4706,12977,5.0
3.2295892999007436,932,12977,3.5
3.1552404329738697,942,12977,3.5
4.215657463413776,944,12977,4.0
4.328956853186428,5299,12977,4.5
4.394460133129835,7805,12977,4.0
4.033493909529134,1985,12979,4.0
4.423024314763627,142,12979,5.0
3.9084613926273257,3062,12981,3.0
4.043358039998772,354,12981,5.0
3.6263997083555624,578,12981,3.0
3.4047948540464343,623,12981,2.0
4.138731791901959,3238,12981,4.0
4.035030964681139,1272,12981,5.0
3.8331133140845677,1296,12981,3.0
4.226738688400397,494,12982,4.5
4.21155038516322,1090,12982,4.0
4.742649313987349,8372,12982,5.0
2.8142774342263905,1659,12983,3.0
4.216228129721087,348,12983,3.0
4.2072986384619675,562,12984,4.0
3.8550707974200913,116,12984,4.0
4.4761471200967025,350,12984,5.0
4.716080437714101,44,12984,3.0
4.268109383713635,1263,12984,4.0
3.4896029678155784,1354,12984,3.0
3.7463134790031813,6917,12984,3.0
4.429169673040179,1666,12984,3.0
3.1926186454277747,145,12984,5.0
3.2751506367331866,3080,12985,3.0
2.891599685440075,1176,12987,4.0
3.3371774799728486,2254,12987,4.0
3.3345465524028994,2717,12987,4.0
3.1268152847952644,99,12987,3.0
4.311616452879401,538,12989,5.0
3.337288386220732,541,12992,4.0
2.367542865631101,1549,12992,3.0
3.461417748917749,748,12992,4.0
3.419652238885985,633,12992,3.0
3.091576903488668,645,12992,2.5
2.4776705973764797,367,12992,1.0
3.1446131825164083,713,12992,3.0
3.0273834061690623,3747,12992,3.5
2.875378745809238,3307,12992,1.0
2.9703371793493254,786,12992,3.0
2.765489058558525,316,12992,3.0
2.7278145933014355,112,12992,2.0
3.1749977478772546,1787,12992,3.0
2.986314234241353,6377,12992,3.0
4.1956543611991375,134,12993,4.0
3.344612062916145,57,12994,4.0
3.8123875446449103,598,12994,3.0
3.82816084096725,213,12994,3.0
3.5501359123818403,1262,12994,3.0
3.741268459965296,142,12994,5.0
1.8663877961734545,2700,12995,1.0
3.1258389060112712,2818,12995,3.0
4.150583511680019,34,12996,5.0
4.174765574767133,59,12996,4.5
3.272000387455967,213,12996,2.5
3.9711377322571852,142,12996,5.0
3.791706907121036,111,12996,5.0
3.5713115527732655,380,12996,2.5
2.8126193346863384,216,12998,3.0
4.390469896382305,140,13000,5.0
3.913594162565781,1524,13000,4.0
4.367083085224502,410,13000,4.0
3.7868516863231796,2683,13002,4.0
3.269348359326459,683,13002,4.0
3.6020388791512197,72,13002,5.0
4.203911383635521,354,13003,4.5
3.4228316128316134,291,13003,4.0
3.9400858188938686,207,13003,3.5
3.7131702284643464,213,13003,4.5
3.0381753663003668,1321,13003,3.0
4.057059525466962,2598,13003,3.5
4.802731974366761,44,13004,5.0
4.014441614765304,766,13004,5.0
4.089757357383342,1638,13004,2.5
3.38819667406041,1903,13009,4.0
3.2737712274192585,1914,13009,3.0
3.8802772456900896,1800,13010,4.0
3.0424759335505422,1894,13010,2.0
3.6967036701298945,2769,13010,3.0
2.9694816890705082,1545,13013,5.0
2.60058853858202,79,13014,2.5
4.505726068357142,593,13015,3.0
4.028625745865828,764,13015,4.0
3.7973647211757378,2468,13018,4.5
3.4568364165233474,2191,13018,3.5
3.161099367291107,14905,13018,4.0
4.549647114669346,458,13018,3.5
1.6733997032909023,1780,13019,4.0
3.8304841269841274,366,13020,3.5
3.9571302308802307,146,13020,5.0
4.438473524024995,12,13020,5.0
3.1083414187934806,355,13026,3.0
3.2215920451773683,824,13027,3.0
3.3786381856488483,441,13027,2.5
4.230967624091104,988,13031,4.5
4.165655100641789,111,13031,4.5
4.3019088956564975,488,13031,2.0
4.2926274533993825,169,13031,3.5
3.7543299353748054,1074,13031,2.0
4.994657653615741,115,13032,4.5
4.3999376629962335,1526,13032,3.5
3.987726758187264,2450,13032,4.5
4.158024442040674,1750,13032,4.5
4.17158758188024,9032,13032,3.5
4.2252286623373685,840,13035,4.0
2.9879261485717223,7011,13036,2.0
4.100480505366624,1410,13036,3.0
4.0071714165464165,1208,13038,3.0
3.6505872817269878,1269,13038,5.0
4.086305356158298,71,13038,4.0
2.983254852079803,6008,13038,3.0
4.52571811369012,140,13041,4.0
4.3893121660659045,614,13041,5.0
4.222043945724155,1272,13041,1.0
4.345343566038482,2303,13041,5.0
3.1118037905016456,732,13042,4.5
3.583083344281199,35,13042,3.5
3.8638447356675902,598,13042,3.0
3.7762951324929874,1246,13042,3.5
3.4833606725617026,2382,13042,4.0
3.6253216082277055,761,13042,3.5
3.4688086606315154,81,13042,2.0
3.6670400819879365,1137,13042,4.0
2.4312930104320416,2037,13042,3.5
3.9574958299436847,2041,13042,3.5
3.650366200314055,1454,13042,3.5
2.6576885783431514,7016,13042,3.0
2.8486201685680235,266,13042,2.0
3.6526808405794853,324,13042,4.5
2.8535862333011206,4573,13042,3.5
3.910950882034021,9162,13042,4.0
4.1769610188941675,414,13042,3.5
3.5340531944295606,511,13042,3.0
3.1269129357423693,914,13042,3.0
4.598057783074474,413,13044,4.5
3.528357692554732,113,13045,5.0
4.039040406198812,286,13045,4.0
4.244192665187735,1182,13045,3.0
2.614733027573031,1946,13046,3.0
2.05519117855374,1007,13046,2.0
3.437036807899561,593,13047,4.0
3.158899890408483,141,13047,4.5
2.7053869981637764,1774,13047,3.0
3.9696380122173753,1476,13050,0.5
2.8960414708741884,979,13051,1.5
3.3601649217606666,751,13051,2.5
3.549257733007733,5,13051,3.5
3.3301845106284875,308,13051,3.5
4.565041695000103,151,13052,5.0
4.162392779236091,2780,13054,4.0
3.4336292289581762,185,13055,4.0
3.223141930970878,1202,13055,3.0
3.454902039101274,3098,13055,3.0
3.600179405960746,612,13055,3.0
4.082303080517199,3,13055,4.0
4.294897319895072,615,13058,4.5
3.7897579784556528,354,13059,3.0
3.842279087340893,6945,13059,5.0
3.9587986376644153,607,13059,4.0
2.7375440747123374,1242,13059,3.0
3.4259564904699547,2544,13059,4.0
2.935760392708067,1160,13059,4.0
3.849407427204248,1367,13059,5.0
3.485013835343863,86,13059,3.0
3.190814658617596,253,13059,1.0
2.032674042020169,9073,13059,2.0
2.285918796760414,3830,13059,2.0
3.4259077091597314,2474,13059,4.0
3.664936228598772,29,13063,4.0
3.3555842623154692,3576,13063,3.0
3.298729809027413,27,13064,3.0
3.059013581673257,1480,13065,4.0
2.0654030597885087,347,13066,1.0
1.7391768040627162,13094,13066,0.5
2.2292538457988877,7028,13066,1.0
1.6015550640820202,2378,13066,0.5
4.62348436026853,79,13067,4.5
4.576215936330142,456,13067,5.0
4.529522249724046,169,13067,5.0
4.951645957831792,4349,13067,5.0
3.829910636179986,1671,13070,4.0
4.058664146107878,3148,13071,3.5
4.111987915192381,163,13071,4.5
3.859267151822811,35,13072,4.0
3.791556376252457,631,13074,3.0
3.6895134585610996,5,13075,4.0
3.3509446888609116,4979,13075,5.0
3.781932468125346,538,13077,3.5
4.676125163291726,241,13077,5.0
3.1752697385203894,4920,13077,4.5
3.9893948380567568,111,13077,3.0
4.100634099826978,900,13077,3.5
4.364907780394776,489,13077,3.0
4.21399865590297,4371,13077,4.0
4.112182310346303,1772,13077,4.0
4.1831881152559935,1641,13077,3.5
3.115342595729447,5189,13077,2.5
3.37186177547101,9135,13078,2.0
4.136534670015929,1548,13081,4.0
3.022724000894955,2695,13081,4.0
4.458686695162408,140,13081,5.0
3.5329786910948724,50,13081,5.0
2.798732881947892,993,13083,2.0
3.394350539992777,5039,13083,4.0
2.690086345506928,2590,13083,3.0
3.508931393179786,2339,13084,3.5
3.3984601197528814,6089,13084,4.0
4.104082174416094,596,13084,4.5
3.5915635344303487,3065,13084,4.0
3.465257175885213,1631,13084,3.5
3.1323010388849584,2718,13084,1.5
3.553020651704695,2520,13084,4.5
2.755378239462159,234,13084,3.5
3.8876349152403162,812,13084,4.0
3.311136423916164,728,13084,3.0
4.042141143702003,2385,13084,3.5
4.047362767952097,839,13084,4.5
3.323682183752885,4083,13084,3.5
3.1271114443105117,99,13086,2.0
4.12669950246632,1930,13088,5.0
4.3217853177995655,1027,13088,5.0
3.9541425888941824,566,13089,2.0
3.82005122501075,360,13090,4.0
2.610986369207611,1973,13091,4.0
4.298767851472672,536,13092,5.0
4.206637884831284,587,13092,3.5
3.4495442041965387,363,13092,4.0
3.600547090509,9,13092,3.0
3.948902682588729,153,13092,3.0
3.7288930328817114,4431,13092,4.0
4.3888617389336755,395,13092,3.5
4.227001184172855,414,13092,3.0
3.917492449323289,7007,13092,4.0
3.5734654459123627,1098,13092,3.0
4.13387023504902,300,13093,4.0
3.385858233033995,80,13093,5.0
4.041388513039953,82,13093,5.0
3.6998592676386792,342,13094,3.0
4.956468317537679,358,13099,3.0
4.2543638272734805,1240,13100,1.5
3.455237708184936,2626,13103,3.0
2.8087965333361935,365,13109,4.0
2.6185598063759885,2450,13109,2.5
2.3789508002571385,3499,13109,2.5
4.209900932464857,4559,13112,4.0
4.124930449155814,1792,13112,3.0
3.018678523741034,7129,13112,3.5
4.13647510966042,933,13112,4.0
4.35231053992484,25,13112,4.0
2.254674118152379,1910,13113,3.0
4.110092860319275,579,13113,4.0
4.513045131121283,578,13114,4.0
4.567986680359973,2981,13114,5.0
4.227335500363024,1013,13114,4.0
4.388183349834223,718,13114,4.0
3.94824535827332,87,13114,4.0
4.184289824127106,660,13116,4.5
4.278892119266433,72,13116,4.0
3.970766229502598,2157,13116,4.0
3.659042147126447,41,13118,4.0
3.9807922755291174,596,13118,4.0
4.1175893020320276,870,13118,4.0
3.9803683299804913,2544,13118,4.0
3.8690800111852743,91,13118,3.5
4.510007447611937,1726,13118,3.5
4.753200568990043,146,13118,4.5
4.698499413632214,4556,13118,4.0
4.039230583598646,1740,13118,4.0
4.186160665309272,153,13118,4.0
4.012023570678757,156,13118,5.0
4.375294345096977,160,13118,3.0
4.215672888420443,433,13118,4.0
4.416275920412076,464,13118,4.5
2.142733882985862,14855,13118,2.5
4.6157073118545595,1085,13118,4.5
4.2259792315409195,862,13118,4.0
3.8875900890770714,4461,13118,3.5
4.267026409042663,1772,13118,4.0
4.488320613378032,2788,13118,4.0
4.116287563622324,2505,13118,4.5
3.4446844313824725,1786,13119,4.5
3.3431682401501104,49,13120,3.0
3.568948497470878,1292,13120,2.0
4.280557862873517,793,13121,5.0
2.804527435079562,520,13122,3.0
4.219986577964519,566,13123,4.5
3.86594783892578,599,13123,4.5
4.05603004838299,615,13123,5.0
3.77793636843532,1664,13123,2.0
3.6934218232747646,718,13123,4.5
3.4297687345723107,10154,13123,4.0
3.8900518117319653,3152,13123,4.0
3.004825021002624,3898,13123,3.0
3.929136055945724,339,13123,4.0
3.8369508239938086,413,13126,3.0
3.26220481390206,113,13127,4.0
4.588717803572513,34,13128,5.0
3.5286231759778857,1655,13128,4.0
3.133586023587792,3175,13128,3.0
4.394593349595118,572,13128,4.0
3.82705221562016,1005,13128,5.0
4.534230748230194,207,13128,5.0
4.416586361654053,1311,13128,4.0
3.943909903139613,1314,13128,4.0
4.764187967283043,304,13128,4.0
3.3494558863498205,2060,13128,4.0
4.058986701341411,2556,13128,3.0
3.9621592938441026,5056,13128,4.0
4.227995972504491,1137,13129,3.0
2.794925641761952,3066,13131,3.0
3.0827645112759576,4821,13131,1.0
4.1545895502772145,156,13132,3.0
4.158970112780133,163,13132,0.5
3.681837486529155,955,13132,3.5
3.346907862920415,2428,13134,4.0
3.8169960862224492,3143,13134,4.0
2.5327218349141694,266,13135,3.5
2.950991373822256,1154,13136,2.0
4.31473633392751,115,13136,5.0
4.007247544122544,875,13136,4.0
4.500799324858148,142,13136,5.0
4.488153717627402,720,13136,3.5
3.7108667185497684,779,13136,4.0
3.6811948468198468,4695,13136,3.5
3.1389789175211176,14881,13136,2.5
4.547843892722522,146,13136,3.0
4.09292044897523,2104,13136,5.0
4.209978504999958,319,13136,4.5
3.7933286195246207,8523,13136,4.0
3.557706406821652,2582,13136,3.0
3.674041468787264,435,13136,4.0
4.451029779466646,477,13136,3.5
2.555471947640835,4091,13136,2.5
3.2429263188340482,34,13137,4.0
3.405182751241412,295,13137,5.0
3.5785824507160715,769,13137,2.0
4.866324423317692,615,13138,4.0
4.582740212172025,148,13138,5.0
3.7799333810510283,1153,13139,4.0
3.6023599712856487,742,13139,3.0
4.197351305935342,366,13140,5.0
4.160512234212998,558,13142,4.0
3.479988517976145,2957,13142,4.0
4.237394709242648,30,13143,4.0
4.0790487681467065,44,13143,5.0
4.400493368714766,213,13143,4.0
4.563155330157681,2544,13143,4.0
3.821530219720864,756,13148,3.0
3.462139127590333,3486,13149,3.0
3.8824414271171586,2711,13150,4.0
3.68291195890735,1361,13150,4.0
2.978782540265577,1377,13150,3.0
3.4703060306783025,44,13152,2.0
3.815042151118774,1019,13152,2.5
3.280314523703461,1076,13152,5.0
3.5332599541209304,2455,13154,4.0
4.030663795142081,38,13154,4.0
2.951921970658586,120,13154,4.0
2.586712898034232,2841,13154,3.0
3.4955651906790948,366,13154,3.0
3.285310725043824,302,13154,3.0
4.048949280972496,2410,13154,4.0
2.9906163216628334,995,13156,2.0
3.868962599520806,3214,13156,4.0
4.14229112833764,51,13156,4.5
4.806170013527527,2960,13156,4.5
4.019288482834995,614,13156,5.0
3.587646878824969,296,13156,4.0
3.313591548190691,647,13156,4.0
4.2866412235735085,1303,13156,3.5
3.8399730066445183,1314,13156,3.5
3.398974630021142,1852,13156,4.0
3.7551120342835453,1328,13156,3.5
4.175191844179532,72,13156,3.5
3.132250667708944,2009,13156,1.5
4.224052972731063,779,13156,3.5
4.096823622059376,2623,13156,4.5
4.25681012785664,102,13156,4.0
3.889555670844118,308,13156,4.0
4.129981882208314,9,13156,4.5
4.453242855756759,788,13156,4.0
3.8099458537629065,2626,13156,3.0
4.068220088810718,339,13156,4.0
4.354923132471958,1043,13156,4.0
4.39272913943927,815,13156,3.0
3.8836134151490573,1675,13156,4.0
4.220451960309676,2592,13156,3.5
3.895157123997753,1679,13156,3.5
4.472848981298134,468,13156,4.5
3.3941055760370658,286,13157,2.5
4.049009641152498,115,13159,4.5
4.320867269984917,738,13159,3.0
4.092687566351858,3927,13159,2.0
2.7170604407574657,993,13160,2.0
3.0594854305542127,50,13160,1.0
3.3767113649636507,398,13160,3.5
3.17398778668061,13,13160,3.5
2.622311207441531,6597,13160,3.0
5.0,535,13162,5.0
4.5777064298022845,3200,13162,4.0
4.09623141087593,1551,13162,4.0
4.018647758037565,635,13163,1.0
3.945425956573167,2457,13163,3.0
4.406064917194948,754,13164,4.0
3.2499473735982685,308,13164,4.0
3.5767600627207403,106,13164,3.5
3.289490722740437,53,13165,3.0
3.9216210131332083,354,13166,4.0
3.64980932482152,1704,13166,3.0
2.6057314027435976,36,13166,3.5
2.594793736608563,1921,13166,1.5
2.9008797850630326,1158,13166,2.5
3.193621013133208,48,13166,3.0
2.991653119915315,1605,13166,3.0
3.5175596402955196,1849,13166,2.5
3.088467648953528,875,13166,3.0
3.070388689900885,2000,13166,3.5
3.775983454613297,142,13166,4.0
2.1924763244885197,234,13166,3.5
3.080929031202096,99,13166,3.0
2.8794385107311586,101,13166,3.0
3.2997064028392877,2088,13166,4.0
3.5770747436132546,373,13166,3.0
3.8647830333328743,382,13166,3.5
3.386362113027278,823,13166,5.0
2.9695522813964135,342,13167,2.0
3.3315682195268908,347,13167,3.0
2.460934252270459,1486,13168,3.0
3.641551783657403,380,13170,3.0
3.7431522951966585,417,13170,4.0
3.2279065421763975,4221,13170,1.5
3.9684698731501054,1685,13170,4.0
4.410091926047809,354,13171,5.0
4.058895930143661,355,13171,3.5
4.137957459207459,347,13171,4.0
4.184757591054504,41,13171,4.0
4.537962395660605,4040,13171,4.5
4.560802285949345,410,13171,3.5
4.336200637535484,166,13171,4.5
2.561567114042527,612,13172,0.5
2.848945767530083,823,13172,0.5
3.230053653412524,1550,13173,2.5
3.7928256895978736,2708,13173,4.5
3.1655319539217843,1262,13173,4.0
3.433481214628398,2547,13173,3.5
3.9434193426659054,6965,13173,4.5
3.586528685232802,2607,13173,4.0
3.028088885374148,2487,13174,3.5
3.8263038579414808,1946,13174,2.5
3.1064484903044227,1845,13174,2.0
3.1637958651517977,701,13174,4.0
3.3367455441067144,1417,13174,3.0
3.0758212844951687,1460,13174,4.0
3.672913731934138,1536,13174,4.0
3.421582673162428,9632,13174,2.0
3.374270064861955,3603,13174,2.5
3.506518988884049,160,13174,4.5
3.166292929490967,445,13174,4.5
3.49296564464497,13249,13174,4.0
3.160042840398773,17,13174,4.0
3.410232433646975,2773,13174,3.0
3.0943538703292846,1087,13174,3.5
3.429842385877614,1102,13174,4.0
4.5157413597408125,382,13175,4.0
3.1207228054793976,3330,13177,3.0
3.3044598205283324,543,13177,2.0
3.7325488878937154,2508,13177,3.0
2.751432051831227,1657,13177,3.0
2.925449320794148,50,13177,3.0
2.7497302482000756,2536,13177,3.0
2.8453313138011413,596,13177,5.0
2.5776904130352403,1240,13177,3.0
2.8852941981390257,756,13177,2.0
2.8290640394088666,2870,13177,3.0
4.035979623824451,366,13177,3.0
2.915708530538652,1666,13177,4.0
2.0996721412205592,4688,13177,3.0
3.124499918888864,776,13177,4.0
3.0088033197363826,108,13177,3.0
3.0329333941683148,2083,13177,4.0
3.1998627833541016,4660,13177,1.5
2.5826898893877575,8246,13177,3.0
2.527204637487545,1138,13177,0.5
3.661267249013865,1549,13178,3.0
3.824094843400212,2342,13179,3.0
4.435697292910782,1549,13182,4.0
3.175969150564781,0,13184,4.0
3.0056804317729515,566,13184,4.0
2.905643271793404,2487,13184,4.0
2.8334847189890033,42,13184,2.0
2.879884536491762,741,13184,3.0
1.5439841420711782,2898,13184,2.0
3.2253169594609497,1349,13184,4.0
3.261968324914293,1360,13184,3.0
3.423219725367737,79,13184,4.0
3.290916307895976,94,13184,2.0
4.0357320093543905,1109,13185,4.5
4.0005393042622295,181,13185,5.0
3.618008600876662,6796,13191,3.5
3.7160364163534876,3655,13191,5.0
3.9689909822081404,35,13193,3.0
3.9732117614289195,344,13193,3.0
4.008346210313368,1204,13193,3.0
3.7155300069089296,1836,13193,4.0
3.7166041548542075,586,13193,4.5
3.8512069238544355,5164,13193,4.0
4.567448774415932,597,13193,4.0
3.9097738104909685,44,13193,4.5
3.5776045500128846,2539,13193,3.0
4.235907479668368,1247,13193,4.0
4.015201952610287,1780,13193,3.0
3.8083118696540277,2870,13193,4.0
3.283600098581963,681,13193,4.0
3.4413562356946725,3257,13193,4.0
2.456416151540501,223,13193,4.0
3.218303849460385,1383,13193,2.0
4.286465893366456,3841,13193,4.0
4.075606397070584,1827,13193,4.0
3.3080251776328096,3007,13198,1.0
2.0372472871827423,2634,13199,0.5
1.8969499126906764,8,13199,0.5
3.1419790603969218,1633,13200,1.0
3.990417772666199,787,13200,4.0
4.054404683224384,4698,13200,4.0
3.4230364443012857,1095,13200,3.5
2.8856804653679653,1098,13200,5.0
3.0008427093572023,1662,13201,2.5
3.9672404739445617,2613,13201,4.0
4.48916055395222,620,13201,4.5
3.2848990395378426,1233,13201,4.0
4.026242985409652,718,13201,3.5
4.0364433178429575,780,13201,4.0
3.3803521302064183,5457,13201,3.0
2.3476881265287237,7363,13201,3.5
2.903525846383311,1790,13201,3.5
3.2792924524666183,2208,13201,3.5
3.8848949919533253,2586,13201,3.5
4.074663800705467,4033,13201,4.0
3.6920304556667234,2598,13201,3.0
4.01326766487143,3370,13201,3.0
2.7296473065253744,4168,13201,3.0
3.953789252318292,13043,13201,4.5
3.802993274710447,7590,13201,3.0
3.836665006603322,4244,13201,4.5
4.702919540597356,303,13204,5.0
3.6446402969790066,119,13207,3.0
3.6040503238890333,614,13207,1.0
3.777569326283036,620,13207,5.0
3.368128361202365,63,13207,4.0
3.456656891495601,366,13207,4.0
4.128660859749569,876,13207,4.0
3.2218013364226548,3119,13207,3.0
3.4359913070800165,98,13207,3.0
2.5140223248457607,11431,13207,3.0
3.5984848347941325,257,13207,4.0
3.993336139395067,3043,13207,1.5
2.90049099844926,329,13207,4.0
2.586371278845437,899,13207,2.0
4.597409174734901,183,13208,4.0
4.069420626246353,1208,13208,3.5
4.435847131890584,873,13208,5.0
4.417183599140904,787,13208,4.0
4.010557883332857,5852,13208,4.0
3.1082714740440114,1900,13209,3.0
3.0043231307206684,186,13209,3.0
3.3225119266622523,2488,13209,5.0
2.8697783127934975,1937,13209,4.0
3.178477946493131,358,13209,4.0
3.3143004573156416,1217,13209,4.0
3.0995493750645595,52,13209,4.0
3.63924745111132,614,13209,5.0
3.4376476656628503,124,13209,2.0
3.0451446131597977,46,13209,4.0
3.143414043610984,3105,13209,3.0
3.2428979709131553,1847,13209,2.0
4.010430160945345,2665,13209,5.0
3.0692747773027493,960,13209,5.0
3.4681796540992504,2719,13209,2.0
2.7133117604731636,3718,13209,2.0
3.082611521251706,1340,13209,3.0
2.697304975370776,2032,13209,3.0
2.8355917436811007,10939,13209,4.0
2.8926941807273145,17500,13209,1.0
4.067477173350534,339,13210,3.5
2.999866030003514,2986,13211,3.5
3.356139643423544,996,13213,4.0
3.602198657587085,1680,13213,3.5
3.7394710918450875,952,13213,2.0
4.323124923515891,1797,13214,3.5
3.2869740931297313,733,13215,4.0
3.188786998795388,744,13218,4.0
3.551756419725335,867,13218,4.0
2.3757883333259544,129,13218,1.0
2.429398184565242,302,13218,3.5
3.364117477140572,762,13218,4.0
3.3164283518953326,1360,13218,2.5
3.213108734407446,1021,13218,3.5
3.5961705996716358,91,13218,2.5
3.4862753986646196,310,13218,3.5
3.0299449710980806,2672,13218,2.5
3.0683821697063483,2122,13218,3.0
3.0233715113144104,4426,13218,2.5
3.7131559412564354,464,13218,3.5
4.645115223122909,593,13219,3.5
3.724972659690777,1946,13221,3.0
4.245440007482621,660,13221,5.0
2.891855432590727,341,13222,0.5
3.7577957177957177,345,13222,3.5
3.0773598464774934,1660,13222,1.0
3.118464415040502,1776,13222,0.5
3.336829323079323,197,13222,3.5
3.7835943989728835,868,13222,5.0
3.2936838306970153,82,13222,4.5
3.464452835188129,90,13222,5.0
3.0534012791368745,5842,13222,3.0
3.387153781945367,5454,13222,3.5
2.718682485013629,6011,13222,4.5
3.061760687691902,2560,13222,2.5
3.341095766579747,897,13222,4.5
3.347740279507415,156,13222,5.0
3.3124485009467626,397,13224,3.5
3.5432384086754296,2332,13224,5.0
2.619818911843296,1946,13225,4.0
2.1158278091650904,545,13226,3.0
3.220102183589022,2201,13227,3.0
1.5169564344464068,1022,13228,2.0
2.0333356571373487,3309,13228,2.0
3.2183539752153383,373,13228,3.5
2.9748317991798907,327,13228,3.0
2.8382237206685614,151,13228,3.0
3.760683252016408,2914,13228,3.5
3.33985653450617,488,13228,1.0
3.58279744392036,520,13228,2.5
2.8744801997420666,1820,13228,3.5
4.29399832621222,538,13230,2.0
3.7675278301768156,1654,13230,4.0
3.4820068579948393,1843,13230,5.0
3.670089989388729,1632,13230,3.0
3.773428088786351,4915,13230,3.0
4.3101661467055985,311,13230,4.0
4.200737600291758,111,13230,5.0
4.304786786976968,798,13230,4.0
3.8482423259582483,2379,13230,0.5
3.9216541184141582,162,13230,5.0
2.8060657022293976,6750,13230,3.0
3.864261137960209,6384,13230,5.0
4.576363653569535,295,13233,5.0
3.979523614523614,875,13233,4.5
4.462471042585478,150,13234,5.0
4.620580157932497,164,13234,5.0
4.636046963713724,537,13237,5.0
4.621809273915647,140,13239,5.0
3.16521504047422,89,13239,5.0
4.362450120944298,616,13245,5.0
3.3972841848675377,1594,13249,4.0
2.887730663329763,2536,13249,3.0
4.151305664380546,604,13252,4.0
1.9099379078268395,545,13254,3.0
3.990170680765198,693,13255,3.0
3.4506202593649804,145,13255,3.0
3.625062397795322,799,13255,5.0
3.5413969134791072,1876,13255,4.5
4.012101551862778,2226,13255,5.0
3.5853962002203565,192,13257,3.0
3.7711658854404964,1702,13258,3.0
3.7140714648941193,4146,13259,3.5
3.8654854706715893,194,13262,3.0
3.271192018543497,766,13263,3.0
3.942069009837641,1549,13265,5.0
4.245589123149586,346,13265,2.0
3.4183922213092304,352,13266,3.0
2.6239686365742867,3079,13266,2.0
3.5343450960930625,546,13266,4.0
3.415608616025625,353,13266,2.0
2.671735475277484,3092,13266,1.0
3.5280639384809476,1702,13266,3.0
3.237759159496812,2632,13266,3.0
3.465703145678978,742,13266,4.0
3.4594528273698364,870,13266,4.5
3.9477462006632096,649,13266,2.0
2.746198859115868,694,13266,3.0
3.6370727768647857,71,13266,4.0
3.0386970750552558,3283,13266,3.0
3.066040187048361,5178,13266,3.0
2.450832766489305,7278,13266,2.0
3.132227569297727,2824,13266,5.0
3.6813937170353253,3588,13266,3.0
3.5768813165899,2295,13266,4.0
4.054911829152368,1425,13266,3.0
3.745884197989293,247,13266,4.0
3.133205532997542,785,13266,4.0
3.035577501701625,3133,13266,3.0
2.5696990751325712,2967,13266,2.0
3.6380508654050803,2315,13266,3.0
3.053930285511367,2672,13266,2.0
3.442598332149804,4782,13266,3.0
2.591171525338534,2080,13266,3.0
3.626497470507081,12368,13266,4.0
3.41589964852254,318,13266,4.0
2.8770405643805828,274,13266,3.0
3.123156414886441,3897,13266,3.5
3.789048306027762,332,13266,4.0
2.5230179442434784,17909,13266,2.0
3.254188754717127,1751,13266,3.0
3.9465759661376354,5099,13266,3.0
3.0898837299698885,3426,13266,5.0
3.668428479640463,9754,13266,4.0
3.676612083568779,829,13266,4.0
3.5285394964664327,160,13266,3.5
3.4491515299123416,520,13266,3.5
2.456853303456012,1661,13270,1.5
3.8020469164465864,6095,13270,4.5
3.9444241394827304,115,13270,4.5
2.9098488684786505,3671,13270,2.5
3.970585068766725,593,13270,4.0
3.9007379590277886,8039,13270,5.0
3.6546279706210774,3770,13270,4.0
2.773663170650548,886,13270,3.5
3.8496145334540843,1514,13270,3.0
3.18301307505696,2078,13270,3.0
3.6640505506532595,1036,13270,3.5
4.133825256461323,800,13270,5.0
2.3468705027995176,3979,13270,1.5
3.908978944709433,4431,13270,4.0
4.273652913771761,2586,13270,3.5
3.532044730295912,2379,13270,4.0
2.967378762224153,7155,13270,2.5
3.7129338360083235,427,13270,4.5
3.649699039524262,4061,13270,3.5
3.9986812141074526,458,13270,3.5
4.165326115952096,484,13270,3.5
3.772218168084698,3414,13270,3.0
3.3824104471298213,4453,13270,3.0
3.9925641269204264,7198,13270,4.0
3.5322748396879406,82,13271,4.5
4.357797352073214,140,13272,4.0
3.4176123911930367,201,13272,4.0
3.8869328764792015,639,13272,4.0
3.8954310585144745,756,13272,3.0
3.841023976023976,643,13272,4.0
3.710972035305152,76,13272,2.0
4.387042001185554,354,13273,5.0
3.3370820398746246,49,13273,4.0
3.6909175342201657,80,13273,1.5
3.4333548454469507,96,13273,4.0
2.8188162458456576,2078,13273,4.0
3.7553551311164513,2136,13273,2.0
3.893576014735633,442,13273,4.0
3.927419619083568,6609,13273,4.0
3.9866186334006692,915,13273,4.0
2.772787283640272,7171,13273,4.0
3.1724221459960433,6618,13273,3.5
3.4691283716283716,850,13273,0.5
2.3379428201875596,10771,13273,3.5
3.6123060827061217,6748,13273,4.5
2.9944197465070017,1133,13274,3.0
3.906575817610835,1162,13275,4.5
4.6610771871199965,4676,13275,3.5
3.9329192704509586,29,13276,3.0
2.8482993106456855,1309,13277,2.0
4.151160536492496,1458,13277,2.5
3.5172041194372645,6,13279,3.0
2.322748247545348,186,13280,2.0
2.734781003310415,1167,13282,3.0
2.657798202614379,1594,13282,2.5
2.9125781367325487,3216,13282,3.0
3.3952932688226807,742,13282,4.0
2.9961983523012936,623,13282,2.5
2.875941093220505,747,13282,3.5
2.3189765300059424,5,13282,3.0
2.9999397334691453,1321,13282,3.0
0.7614822360543383,5317,13282,1.5
3.2885684658478773,2648,13282,3.0
2.8209101519395636,1161,13282,1.5
3.2687745098039214,802,13282,2.0
2.3878194192020916,2209,13282,2.5
3.2127209337933844,1660,13283,4.0
4.0037442206993,7779,13284,5.0
4.337578509765962,14,13289,4.5
3.886801959175019,51,13291,4.0
4.335282869037266,350,13291,3.0
3.6001914571496614,2972,13292,3.5
3.086986960408013,357,13292,3.5
3.9663919121813858,359,13292,3.5
3.0043306059882147,602,13292,3.0
3.9375901890273104,294,13292,3.0
4.231544566544566,675,13292,4.0
3.285379583007292,2870,13292,4.0
4.423184238634494,787,13292,5.0
3.7707974664224664,1035,13292,3.5
3.5692486306263396,727,13292,3.0
3.4245782648723826,1795,13292,2.5
3.8369704092873262,730,13292,3.5
3.8637986126436554,3404,13292,3.5
3.9690288685585524,1576,13295,3.5
3.798525246305418,44,13296,2.0
3.3582713650318006,961,13296,4.0
3.114230128776787,1188,13298,4.0
2.448323087431694,1594,13301,3.0
3.3296942272567813,990,13301,3.0
3.699051755693257,34,13301,5.0
3.2047218969555034,1219,13301,1.0
3.0261775154347794,643,13301,3.0
3.016100865209472,2841,13301,3.0
2.280864063612376,7918,13301,1.0
1.493877178733151,2060,13301,2.0
2.2274337194467377,106,13301,1.0
3.3166131568039248,1514,13301,2.0
3.0533363299081717,2465,13301,1.0
2.372223218555715,2340,13302,3.0
3.43036905929324,1194,13302,3.0
3.2855751404578224,50,13302,4.0
3.51896986432926,210,13304,2.0
3.999791059021626,183,13306,3.5
4.677154913126214,1217,13306,4.0
3.6658355171014407,363,13306,4.0
3.253023329289253,216,13306,2.5
3.9373163116337055,1986,13306,3.5
3.8511849878920876,1385,13306,4.0
4.072479220620144,327,13306,4.5
3.740530648505495,5074,13306,3.5
3.647531852167341,385,13306,2.0
3.973570625130666,1679,13306,3.5
3.6264726551488247,857,13307,4.0
4.1056551185854175,177,13307,4.5
4.47154449719199,142,13309,5.0
4.084438664056537,16676,13309,5.0
2.9850542782843132,994,13310,2.5
3.468645009152857,573,13310,4.0
3.171314262414216,1206,13310,4.0
3.7903712113659265,1259,13310,3.0
3.45801613475293,694,13310,2.5
3.649378234636127,2429,13310,4.0
3.8178831512789304,1738,13310,1.5
4.216828052165092,1704,13313,5.0
3.7191754225673823,1836,13313,5.0
3.133537103472243,3223,13313,3.0
3.6848521672408374,580,13313,5.0
3.2909675241439666,2620,13313,3.0
3.1911236076096077,1843,13313,3.0
3.789001229776997,296,13313,4.0
3.6377222274798573,1442,13314,5.0
4.773743298846384,596,13317,4.0
5.0,617,13317,5.0
4.602761735904456,623,13317,5.0
4.901275080800151,1230,13317,5.0
4.860560445971827,225,13317,5.0
4.601694712999208,809,13317,5.0
2.158763225941229,1929,13319,1.5
2.7522361723786903,353,13320,4.0
3.7135846441683387,2973,13320,2.0
3.5664020065445245,358,13320,4.0
3.579292275997294,298,13320,4.0
3.331071222541456,1664,13320,3.0
3.6864272427462312,1135,13320,4.0
3.202110121958522,81,13320,2.0
3.592950458092976,961,13320,4.0
3.2565020453945634,1667,13320,4.0
3.267376865019383,2062,13320,2.0
5.0,8,13322,5.0
3.204920787097035,3489,13326,3.0
4.192760328647394,579,13326,4.0
3.337359437323452,344,13327,4.0
5.0,354,13327,5.0
4.042132994060174,115,13329,5.0
3.242756558529673,78,13334,3.0
2.7596822514300774,1858,13334,1.0
3.9940715652444956,2097,13334,3.0
3.416899821641727,349,13336,2.0
0.9665846447062129,1927,13337,3.0
4.221748747372496,578,13340,4.0
4.061340776177094,95,13340,5.0
3.3940881426893488,351,13344,4.0
3.9877450481497188,755,13344,5.0
2.9853489167209455,1903,13346,4.0
4.197038131493211,578,13346,5.0
2.587800534872378,344,13347,3.0
1.86718874391862,1834,13347,2.0
3.2867562474273,350,13347,3.0
4.102965016334356,955,13348,4.0
4.414810340011266,1004,13350,4.0
4.7049152730713875,777,13350,5.0
3.1768677483584566,36,13354,3.0
2.3294886690989993,1216,13354,2.0
3.326286579249823,1227,13354,4.0
3.296512208476013,241,13354,4.0
3.6118408890916767,2611,13357,5.0
3.510535392802738,53,13360,4.0
3.884599156590536,141,13360,5.0
3.1948882222319774,1839,13365,3.0
2.588113707208277,193,13365,5.0
3.275727190203858,32,13370,4.0
3.0454727653229927,357,13370,3.0
4.291336230189531,2195,13372,4.0
3.6475905754151188,140,13373,5.0
3.762246217604667,613,13373,4.5
2.782621384250668,1047,13373,1.5
4.420555715838883,350,13374,5.0
4.301951200728209,8,13375,2.5
4.306510010221482,1772,13376,4.0
4.086065943478062,824,13378,3.0
3.975781597057012,2768,13378,4.0
2.946857846650091,535,13382,3.0
3.2422147595905257,295,13382,0.5
3.2031592073170767,5264,13382,2.0
3.8807326944497995,1814,13384,4.0
3.4423718542004984,2336,13384,3.0
3.4212149151158435,949,13384,4.5
3.554722506991163,1552,13385,5.0
4.219609191942644,460,13385,4.0
3.27905612244898,364,13386,5.0
4.811000762953403,1722,13386,3.5
3.556746571390491,4136,13386,4.0
4.384448812871344,1077,13386,5.0
4.4880414165481,1086,13386,5.0
4.278959855197141,4482,13386,4.0
4.004206458224315,949,13386,5.0
4.103902986060443,1649,13386,4.0
4.352959958247222,580,13387,4.0
4.108202055977107,120,13387,3.0
4.383845689572179,1230,13387,3.0
5.0,637,13387,5.0
4.431245107766635,364,13387,3.0
2.665299105442647,1929,13388,3.0
3.1132553142160577,630,13390,4.0
4.311550489107699,1795,13393,5.0
3.962257362155376,1899,13395,4.0
4.96341794046889,115,13395,5.0
4.890223346124331,219,13395,5.0
4.080205033338863,717,13395,5.0
4.367408975141589,1162,13395,4.0
4.01413674492083,2063,13395,4.0
3.9851950294287755,113,13396,4.0
3.392813898427165,286,13396,3.0
1.7701810756761636,3175,13396,2.0
3.561066318227696,1836,13396,4.0
3.233799072613325,738,13396,3.0
3.0860294508553023,357,13396,3.0
2.919893656748175,1842,13396,3.0
3.351011197633717,4572,13397,3.5
3.5886635329844285,675,13398,3.5
4.49361874208282,538,13399,5.0
4.254650679607552,139,13399,4.5
4.5756034526337075,116,13399,5.0
4.4729421117815775,196,13399,4.5
4.475023387274231,1709,13399,4.5
3.9710470806431246,3240,13399,4.5
4.398629038159293,1557,13399,4.0
3.906679856879616,874,13399,3.5
4.452074624435762,1986,13399,4.5
4.414126179906435,719,13399,3.5
3.902773019178274,255,13399,3.5
3.2425533140568303,59,13400,4.0
3.1108482706259752,742,13400,3.0
3.7782170858774133,5,13400,3.0
4.073531389504552,1657,13403,5.0
4.240350279305674,535,13405,3.0
3.4204477694944226,3529,13405,4.0
2.9923114450537502,1155,13405,5.0
3.384526830411719,864,13405,3.0
4.234362450087442,140,13405,5.0
3.391211440220061,51,13405,5.0
3.2339523379386805,958,13405,4.0
3.3345172680777693,46,13405,3.0
3.044369253009329,1545,13409,3.0
4.90676884767599,115,13410,2.0
4.7034694574151805,39,13410,3.0
4.5873310340181215,1307,13412,5.0
3.516914806613892,308,13412,5.0
3.9305483357136515,1162,13412,5.0
3.4189410603785606,1109,13414,0.5
4.63279429664661,2546,13415,5.0
5.0,6,13415,4.5
4.914203960821509,3810,13415,4.5
4.337812624963581,9537,13415,5.0
4.903649985309324,16908,13415,4.5
3.6269551858500053,2975,13416,3.0
3.286331522212542,6354,13418,3.5
4.278012427527124,119,13418,4.5
4.02312509214212,2634,13418,4.0
3.655264540026537,1224,13418,3.0
3.890946123926449,4987,13418,3.0
3.9729847810494014,1166,13418,4.0
3.5333666887807755,1454,13418,3.0
4.120956401699436,318,13418,3.5
3.800610090696067,3909,13418,4.0
3.976406907699284,2362,13418,4.0
2.8340433838406334,9237,13418,3.0
3.217562027338293,160,13418,4.0
4.4024313646875,140,13421,4.0
3.7664069756619667,1031,13421,4.5
4.306312727275749,318,13421,4.5
3.9612856116330395,1788,13421,3.5
4.037847170472067,499,13421,4.0
2.9239628526057073,8279,13421,3.5
3.374336371460143,15620,13421,3.5
3.6073812553404627,15587,13421,3.0
3.0536960392743913,4366,13421,3.0
3.10940545267206,4482,13421,3.0
3.2526687389357076,10476,13421,3.5
3.833150987172641,8983,13421,3.5
3.866172037793775,579,13423,3.5
3.4563395080982215,765,13423,3.5
4.186348673430262,5185,13425,0.5
3.9623589229764242,2582,13426,3.5
2.578392963543529,341,13427,4.0
1.9266799660685532,1834,13427,3.0
3.4792101954724437,623,13427,3.0
4.901334522227007,2487,13428,4.0
5.0,593,13428,4.5
4.996495217180566,2824,13428,4.5
4.8658669471144975,1728,13428,5.0
2.9373598917685118,188,13430,5.0
3.040800338873879,122,13432,4.0
4.551457658957309,294,13433,4.5
3.962839160818547,645,13433,4.0
3.535513417449085,65,13434,4.0
3.3048344168473887,599,13436,3.0
4.4277770996609025,648,13436,4.0
2.5030236633102025,4787,13436,4.0
3.4556493771919365,2548,13436,3.0
2.8545584499297343,1036,13437,3.0
5.0,59,13438,4.0
2.2964719730848855,1838,13439,4.0
2.8848250353152767,1297,13439,3.5
3.295289262032885,1321,13439,3.0
2.8580104663491586,720,13439,3.5
4.012664937560669,1199,13440,4.0
4.0113075585965605,2390,13440,5.0
3.22543232833674,2701,13440,4.0
3.6141820608541657,1213,13440,5.0
3.3894058694845532,53,13440,5.0
3.6713681194702743,295,13440,5.0
3.190467214530682,2973,13443,3.0
2.3732180463661554,1917,13443,3.0
1.2076288797771926,3064,13443,3.0
3.86806722898841,333,13444,4.0
3.7575417292961664,808,13444,3.0
3.4585344843392676,3492,13445,3.0
4.209137437074706,556,13445,4.0
3.664098084812663,1199,13445,5.0
3.305323664659631,8822,13445,3.0
3.8215138986187753,990,13446,4.0
3.163568702398734,1554,13450,3.0
3.200422044796705,2890,13450,5.0
3.856850116985927,1221,13450,4.0
3.1810626871814693,1252,13450,5.0
2.112745550686397,8238,13450,1.0
1.8000811784874349,106,13451,1.0
2.34468047329129,341,13454,2.0
4.268318477444,992,13454,4.0
4.248803156163973,1195,13454,3.5
3.9013625412233575,741,13454,2.0
3.82421205282287,1966,13454,3.5
3.4275820161928334,219,13454,4.5
3.6562845974314846,691,13454,1.5
3.794209000319817,146,13454,4.5
3.9246667207448453,791,13454,4.0
4.79772247918083,2435,13454,4.5
3.720079412587288,335,13454,2.0
4.271691516482295,3045,13454,3.5
4.675907492488985,2450,13454,4.0
4.141793665269577,13234,13454,4.5
4.017739805574741,821,13454,3.5
3.7867669252914675,2599,13454,4.5
4.299281216133231,2619,13454,3.5
4.049146074278965,4942,13454,4.5
3.703217696302197,4304,13454,3.5
4.11234199209809,9097,13454,4.0
3.937739975833674,20068,13454,3.5
4.085389686516485,38,13456,4.0
3.5744126541331904,0,13457,4.0
3.766545055256075,563,13459,4.0
3.5148432226297253,1776,13459,3.0
3.795291412974769,51,13460,5.0
3.849567272563986,3551,13462,3.0
4.282885031635032,344,13462,5.0
3.975933921063218,38,13463,3.5
3.3987211256553427,1945,13463,2.5
3.654875712151376,363,13463,3.5
3.61020523282679,5,13463,4.0
3.889623305149274,1977,13463,4.0
3.44207754021895,304,13463,3.5
3.361710385358766,87,13465,3.5
2.8098424451536883,447,13465,3.5
2.9738056418219463,302,13468,3.5
4.098171039368874,246,13468,4.0
3.793449127044665,172,13468,4.0
3.8110093167701864,2803,13468,4.0
4.652660244565875,142,13469,5.0
4.5630577682306335,1509,13470,2.0
3.8194662258734944,257,13470,3.0
4.564565359477124,115,13473,2.5
3.8563976154688335,3674,13473,3.5
3.992797333380601,998,13473,4.5
3.767365274793119,196,13473,2.0
4.201185057416586,2288,13473,3.0
3.8932717378407027,1029,13473,4.0
4.5966508613607475,6525,13473,5.0
3.481371041172622,11522,13473,5.0
4.0355094066256045,578,13474,4.0
4.709320597802478,915,13474,4.5
3.4884409763667112,24,13474,4.5
3.2641517467603163,1156,13475,3.5
3.6005091075250193,637,13475,4.0
3.2955912056736443,1586,13476,4.0
3.5265541791730253,6,13476,3.0
4.303570696018577,587,13478,4.0
4.2699395590859,759,13478,3.0
3.844907078255411,1093,13483,5.0
3.6667635918003567,663,13485,3.5
3.4046325506008857,164,13485,3.5
3.40884738099098,941,13485,3.0
3.8635671762424746,534,13486,4.0
3.362072879185398,1654,13486,3.0
3.153289983089741,8748,13486,4.0
3.6695140656104166,364,13486,3.5
3.632736358668236,1490,13486,2.5
3.513866236057788,2051,13486,2.0
3.721157229378193,145,13486,3.5
3.908807276662119,2104,13486,3.5
4.196805881637277,182,13487,4.0
3.945521190428178,538,13488,5.0
2.9325690183312685,3063,13488,2.5
3.5128685479496835,1702,13488,4.0
3.8533097215851293,9,13488,4.0
3.4101363289338074,2666,13488,3.0
4.105143463214152,286,13491,4.0
3.4760314609988656,354,13491,5.0
3.8190189592688992,2390,13491,5.0
2.9194065890136325,1843,13492,4.0
2.6371778310815746,1300,13492,3.0
3.0789321468719897,1035,13492,3.5
4.0672460669337935,610,13493,4.0
4.274129989525313,10952,13493,4.0
3.722241773578194,2916,13493,4.0
3.678107151099742,8877,13495,3.0
2.385153455625414,184,13496,3.5
3.413084642949834,5221,13496,0.5
2.740423438465854,157,13496,2.5
3.4006938230430532,1086,13496,4.5
4.434401839135601,11370,13498,4.0
3.670265326326681,1674,13501,3.0
2.572370188715187,63,13502,5.0
3.931606438662239,153,13504,4.5
3.675918638846167,2388,13505,4.0
3.82829761263837,357,13505,4.0
2.931407396924844,5590,13510,1.5
3.6650746052283947,816,13510,2.0
3.4388309422654344,2243,13510,4.0
2.777543087824036,579,13511,4.0
2.1477390664890663,451,13511,3.5
3.4683169656014483,477,13511,4.0
2.674370890995605,172,13511,2.0
4.283467637616305,1683,13512,5.0
4.661714831145865,2922,13512,4.5
4.0055255794929705,1170,13513,3.0
2.8973318981742895,1901,13513,4.0
3.9500350977524894,863,13513,5.0
3.577125771245159,1177,13513,3.0
3.7358636442060353,3079,13513,2.0
2.976256862099253,3533,13513,3.0
3.249470099637141,8866,13513,3.0
3.238527865483451,6278,13513,3.0
3.4220045172219082,49,13513,3.0
3.482683525342496,1842,13513,3.0
3.961951412646745,984,13513,3.0
3.698465891245202,2506,13513,4.0
3.563635868326944,1241,13513,3.0
3.8721094615846745,955,13514,4.0
3.09243480829947,1167,13515,3.0
3.0158830267476886,1176,13515,4.0
3.3243622558519172,1901,13515,3.5
4.010648816513479,863,13515,3.5
2.8040082348728967,1704,13515,4.0
3.1531785090431703,1208,13515,4.0
3.242707519696556,2976,13515,3.5
3.5691056374702996,599,13515,4.0
3.3794844253490868,744,13515,4.0
4.111680076919738,125,13515,4.0
3.9677731158252776,126,13515,3.5
3.3328177586824204,756,13515,4.0
3.5033228091874706,364,13515,3.5
4.126050224745769,128,13515,3.5
3.6143775877422493,1132,13515,3.5
3.3407765650119696,960,13515,3.5
3.0535500819147434,1309,13515,3.5
4.086032044396706,876,13515,4.0
3.6308397367043983,1715,13515,3.5
3.9944844253490874,141,13515,4.5
4.828996579861241,6,13515,4.0
3.8571672029298663,3770,13515,3.5
3.7983264166910784,312,13515,4.0
3.6015866980763596,276,13515,3.5
3.169963958071267,331,13515,3.5
3.71905958874778,156,13515,4.0
4.047721721879272,2597,13515,3.5
3.7454057187919396,2599,13515,3.5
4.116574025089472,421,13515,4.5
4.097519037795464,499,13515,3.5
3.1759145841561676,4140,13515,3.5
2.919557752589684,4146,13515,3.0
3.9424622873632096,4235,13515,3.0
3.657692519882647,9093,13515,3.0
4.142634827312367,861,13515,3.5
3.186447508495487,1774,13515,4.0
3.782213280224957,183,13518,5.0
4.358047579486367,286,13518,4.0
4.35428279605817,3679,13518,4.0
3.910416853169713,294,13518,4.0
3.875902403867726,2716,13518,5.0
4.263109238841505,753,13518,5.0
2.7004353493364754,2897,13518,3.0
3.7534867883235314,663,13518,4.0
4.17052566500793,225,13518,4.0
3.7623534668357324,138,13518,4.0
3.783211951557797,90,13518,5.0
4.458753178235444,134,13518,5.0
3.688410974687358,98,13518,4.0
3.2907889643564965,1653,13520,3.0
3.9458172092986104,356,13520,4.0
3.864577922077922,1199,13521,3.5
3.4853889248006897,738,13521,4.5
3.9899242424242423,59,13521,5.0
4.221016846930159,1602,13521,4.5
3.727138209829386,1237,13521,4.0
3.9365277777777776,141,13521,4.0
4.029515904846788,264,13521,3.0
3.3923058522583585,2969,13525,4.0
4.270996518019266,350,13527,4.5
4.566874569885585,59,13527,5.0
2.96016872966683,1778,13529,3.5
3.8115441509431665,113,13531,3.0
4.021915416987793,2389,13531,4.0
4.2036561574390525,346,13531,4.0
3.773972253144701,1212,13531,3.0
3.7172426492472934,613,13531,4.0
2.8053707009290765,3065,13532,3.5
2.792729108782029,1496,13532,1.0
2.544615206423582,2133,13532,4.0
1.770719001352522,1674,13533,5.0
3.1652877684601703,1297,13534,2.0
4.042948485362549,5,13535,1.0
4.017227893461827,358,13536,4.0
4.169135676978119,59,13536,3.5
3.8687108389659493,146,13536,4.0
2.519748807108145,57,13539,4.0
2.323207338497368,4722,13539,4.5
2.086448044820136,45,13539,3.0
2.0622337594255353,1670,13539,0.5
1.9224603739942299,516,13539,3.0
3.5841730397900946,115,13540,3.0
3.1072124874584603,2665,13541,1.0
4.300852572906457,2922,13542,4.0
4.424772961480613,689,13544,5.0
4.081434387217325,2558,13544,4.0
1.999174594869411,2340,13545,2.0
1.8604361211194402,710,13545,3.0
3.1806016366765797,2851,13546,4.5
2.417079899319937,5805,13548,3.0
3.577320421595976,351,13551,5.0
3.628827177775917,445,13552,4.0
3.7871628840318126,3402,13552,5.0
3.5353898848932475,615,13553,3.0
2.9799768123478163,1545,13555,2.0
3.2108525604446596,51,13555,4.0
2.5278236367539715,1269,13555,3.0
3.526362860258365,366,13555,5.0
2.7217404463372263,3153,13555,3.0
2.8310652935470753,1900,13558,3.0
4.038757916179543,49,13560,4.0
2.310855897961029,1829,13563,4.0
2.6753192593783894,2512,13565,3.0
4.601621922883619,366,13568,3.0
4.500113728319844,1816,13569,4.5
3.9243435786338914,2393,13570,4.0
3.9852577153388005,1856,13571,3.0
3.0495777164178177,344,13573,5.0
2.8543482400118707,39,13573,5.0
2.6746681882765824,2705,13573,3.0
3.051347491863054,203,13573,5.0
2.5281946505197332,757,13573,1.5
3.0619206022901153,4917,13573,3.0
3.2188582234924423,90,13573,3.0
2.1811826052321757,106,13573,3.0
3.117878680159958,1723,13573,3.0
3.1169686787260398,2476,13573,3.5
3.685991094158845,3386,13573,3.0
2.610139917374756,1042,13573,3.0
3.62970819345275,1878,13573,3.5
3.2443750995472445,832,13573,4.0
3.7942339877375995,119,13575,4.0
3.642325979500776,1855,13575,3.0
2.314846923082404,1185,13576,1.0
3.1989403460837886,347,13576,3.0
2.531217944302563,1840,13576,2.0
3.599773679417122,2,13576,4.0
3.0248015616226356,1020,13576,2.0
3.218013758782201,1457,13576,3.0
2.8509342410776837,2063,13576,2.0
2.6141129914056274,809,13576,5.0
3.6539703476126117,79,13579,0.5
2.1999089774488736,2147,13580,3.0
3.129234486874052,14,13580,4.0
3.4671787656039506,989,13583,3.0
3.409084751247146,3332,13583,3.0
4.037438594976973,120,13584,4.5
4.34829998024851,553,13586,5.0
4.504320714629219,588,13586,4.5
4.11886320382516,82,13586,2.5
3.9471643693861096,4725,13586,4.5
4.925437877305379,6837,13586,4.0
3.645330308100175,5308,13586,1.0
4.336719814629345,3974,13586,4.5
3.5514342228522735,1153,13588,0.5
3.1505883451411947,848,13588,5.0
3.709936425745526,1545,13591,5.0
4.404676595561353,1657,13591,3.0
4.174360735281298,1203,13591,5.0
1.9435309737731683,2238,13592,3.5
5.0,2,13593,5.0
3.972096974684907,2063,13595,3.0
4.211788261623788,610,13597,3.5
3.6502632990132984,9,13597,4.5
2.730818402800567,901,13598,2.5
2.5671897605579335,2514,13599,3.5
2.8576411482934523,696,13599,5.0
3.601081298930515,115,13600,1.0
3.6145539230919073,346,13600,4.0
3.9049051059650575,863,13602,4.0
2.895704878039873,1632,13602,3.0
3.904686099414893,762,13602,4.0
4.228940992802304,709,13602,3.0
3.215192837573652,28,13603,5.0
2.9825783031674225,738,13603,3.0
2.176935072242019,42,13603,3.0
2.77324587977914,3089,13605,1.0
3.9457284640901937,315,13605,2.5
2.8577547429620562,2695,13607,2.0
4.141337384927723,139,13607,5.0
3.869746153111361,1202,13607,4.5
4.047681643546851,575,13607,2.0
4.225553315480308,202,13607,4.0
3.870635112721296,1614,13607,3.0
3.940440050726698,1445,13607,4.5
4.149683548271799,9545,13607,4.0
4.128473050498509,21300,13607,4.0
4.694857550180385,350,13608,1.0
4.670569307456398,707,13608,5.0
4.36032384663873,169,13608,5.0
2.7235077103409333,354,13609,5.0
1.946892038032915,2012,13611,1.5
3.6407664584907535,1049,13611,3.0
3.3978254244216233,728,13611,3.0
4.054663752416298,913,13611,3.0
3.2817107960159735,1073,13611,3.0
3.1305983912638626,173,13611,3.0
4.50219436425939,4722,13612,5.0
3.987662648429078,1299,13612,2.0
4.670010630478088,2653,13612,5.0
3.228954720520468,183,13613,3.0
3.104540660018649,1300,13613,1.0
3.4374133087758967,1842,13614,4.0
3.730091717179552,1011,13614,4.0
3.0763575569969466,482,13614,3.5
4.454790176978388,488,13614,3.5
3.6427042192592953,500,13614,4.0
3.6808533699921115,530,13614,4.0
5.0,648,13615,2.0
1.7616629298273236,1661,13617,2.5
3.307046998802724,1549,13617,4.5
3.4870797511810645,1715,13617,3.5
3.895553825033431,72,13617,3.5
3.3640509654243376,138,13617,3.5
2.7771472340280168,79,13617,3.5
3.625077926208651,720,13617,3.5
3.2436874965189886,9,13617,4.5
2.791194379200104,973,13617,2.5
2.411980181847749,1634,13617,3.5
3.3257697894924263,900,13617,4.0
3.5174980833165774,2,13619,3.5
3.590561522602843,59,13619,3.5
3.6268959547972868,1885,13619,3.5
3.3097331154684095,51,13620,2.0
2.858284747565257,2095,13620,5.0
3.2671400640178527,2147,13620,4.0
3.602572222860052,809,13620,3.5
3.7222939390058953,534,13621,5.0
2.4976637504089227,364,13622,5.0
4.219588930054315,54,13624,4.0
3.2368150720454145,1331,13625,3.0
3.1805673763441726,716,13625,4.0
3.7203299274135793,98,13625,3.0
2.3307967695960023,104,13625,3.0
4.038486671081538,538,13626,4.0
2.9435303480911763,1337,13626,4.0
4.06841231882512,1784,13626,2.0
3.5391587608913224,2154,13626,4.0
3.627440767138331,431,13626,4.0
3.0858377989627,2383,13627,5.0
4.156866658383796,718,13628,4.0
3.9029263264942107,9,13628,4.5
4.309875809790146,456,13628,3.5
3.7689347979691674,2482,13629,5.0
4.019781961447193,159,13629,4.0
3.927688150053834,4940,13629,5.0
3.843284531270891,596,13630,4.0
3.5825649036953386,748,13630,3.0
3.456507034632035,1663,13630,4.0
3.5561119162834474,1007,13630,3.0
3.6632274371922247,766,13630,4.0
3.787649562788209,1504,13632,3.5
3.6523317654567657,323,13632,4.5
3.7558505024058864,3400,13632,4.0
4.011798141933781,5288,13632,4.0
3.8107202575161683,521,13632,5.0
3.7187637368696325,2917,13632,2.0
3.733336639024354,937,13632,5.0
3.9809847535505436,947,13632,3.0
3.546523092040497,5576,13632,4.5
3.696126820523207,5918,13632,3.0
4.8683896048538,3,13633,5.0
4.98718205778775,2678,13633,5.0
4.585826257885878,2321,13633,5.0
2.268800779517088,1348,13634,1.5
4.313345282075076,1656,13635,5.0
3.6885744516601164,1199,13635,4.0
3.66449568933903,349,13635,4.0
4.056885733606077,2627,13636,4.0
4.359303363689973,153,13636,5.0
2.9012478082894035,990,13637,5.0
3.043793871775371,958,13638,3.0
4.61094328842057,173,13640,4.5
4.655127749475386,51,13641,4.5
3.482107558026439,4482,13641,5.0
3.3438222913049307,1208,13642,3.0
3.134797729618163,774,13643,4.0
2.959788754194596,2677,13643,2.5
3.048794486215539,1894,13643,2.0
3.538293488493939,522,13643,2.0
3.6990777444432794,4176,13643,4.0
3.153750453214349,4318,13643,2.5
3.114421402019237,1644,13643,4.0
3.701150906590979,2516,13644,4.0
3.071751771730737,6,13644,4.5
3.776454047951504,3506,13644,3.0
3.4381406593007733,2658,13644,3.0
3.402497019888324,645,13646,4.5
3.588853975885226,82,13646,2.5
3.8895945311997946,41,13647,4.0
3.8208356083345745,142,13650,3.0
3.3670580617867643,1435,13651,3.0
3.2327238495374915,365,13652,2.0
4.280544658487705,558,13653,5.0
2.8247516986720567,2975,13655,4.0
4.314520952908932,1673,13656,5.0
3.397383382268836,143,13657,4.0
3.7929418513142235,4305,13657,3.5
3.085447130292473,5531,13657,4.0
3.0776301670794792,182,13657,2.5
4.0551607397781995,29,13658,5.0
4.454281271596236,5557,13658,5.0
4.398329859880289,185,13659,4.0
4.955989523215816,574,13660,2.0
4.366569716014476,739,13660,5.0
3.7993407287157295,1219,13660,4.0
4.835085251006304,1555,13660,4.0
4.64238124566042,631,13660,5.0
4.622889413280574,638,13660,4.0
4.776986339761396,639,13660,2.0
4.240945051829761,677,13660,4.0
3.9660429682986744,732,13661,3.5
4.151877752694391,802,13661,4.0
4.02770769413056,169,13661,4.5
4.234490765839484,291,13663,5.0
4.468322077799466,867,13663,3.0
3.5734182750892214,354,13664,5.0
2.980445898353233,638,13664,2.5
3.834075156521965,649,13664,4.0
3.432971815418624,1557,13664,3.0
3.3673303117156936,809,13664,2.5
3.65582454037757,2346,13666,3.5
3.456175423923471,662,13669,4.0
3.2291565659151003,1201,13677,3.5
4.816788678644612,613,13677,4.5
4.278273881824122,1012,13677,3.0
3.263840512242419,5116,13677,2.5
3.5868775340018084,1847,13682,4.0
4.3640691886567735,140,13683,4.5
3.9097331618648345,809,13685,5.0
4.172455465704521,488,13685,3.0
4.9841549981600455,622,13687,5.0
3.7837795776364374,8481,13688,5.0
3.2380734653817402,866,13689,4.5
4.39623411711737,34,13690,5.0
3.9184295501495168,1657,13690,3.0
4.5139838339127385,2708,13690,5.0
4.5279071280660155,619,13690,5.0
4.567997940737772,1227,13690,5.0
4.2224483043837875,668,13690,4.0
3.7832512733446513,218,13690,4.0
4.1744456697635055,1465,13690,4.0
4.003549357589774,4544,13690,3.0
3.6470575607665237,2990,13690,4.0
3.0718511891553026,124,13691,3.0
2.0580327781654004,217,13692,3.5
3.043275741713277,1463,13692,3.0
3.4043538758573266,146,13692,4.0
4.475228908422201,1545,13697,5.0
3.2668113320944085,993,13699,3.0
3.933196365799749,579,13699,5.0
3.7104021659168716,194,13699,4.0
3.143265215419434,5716,13699,1.0
2.7421160945464353,114,13701,2.0
3.65569369692504,115,13701,5.0
3.7102633442727786,346,13701,5.0
2.2568366599287657,1220,13701,3.0
3.9472597138270515,870,13701,5.0
3.645861182174355,165,13702,5.0
4.3374952110853195,1832,13707,4.0
3.546357382716708,354,13709,3.0
3.170658626432284,90,13710,4.0
3.4228293075603444,803,13710,3.5
2.5575696963413272,1901,13711,2.0
4.582984319085224,153,13717,5.0
3.277693805010156,610,13718,5.0
3.4621303072533296,748,13718,4.0
3.1390900221508584,960,13718,4.0
3.060044791916546,221,13718,3.0
2.8781687467350974,3024,13718,3.0
3.5026325350771432,1426,13718,5.0
3.0807841693006477,785,13718,3.0
3.498181551972635,3770,13718,2.0
3.2783059156325827,3362,13718,2.0
3.440766996151019,1628,13718,3.0
3.807749411316774,192,13719,2.0
3.7748738388636087,2665,13719,4.5
3.013272977571603,349,13723,1.0
3.4633160903773796,1295,13723,4.5
3.031316033686387,1991,13723,2.0
3.8178149170151383,2649,13723,4.0
3.5122399681812926,1475,13723,5.0
4.439673798674024,604,13725,5.0
4.617064903476951,870,13725,5.0
2.197272030768903,68,13725,3.0
4.125366360599158,1295,13725,5.0
4.188811842565902,304,13725,5.0
2.7107201027009618,1412,13726,0.5
3.439353087889639,35,13727,5.0
2.8712476740832797,2620,13728,1.0
3.708531796246918,293,13728,4.0
3.6819172898487915,123,13728,3.0
3.8805648565158273,772,13728,4.0
3.9517917801373916,1398,13730,4.0
3.323352535530976,1169,13731,5.0
2.6755051832726213,289,13731,5.0
2.674571417316855,838,13733,3.5
4.434104612668418,546,13735,5.0
3.5605401727753923,1840,13735,4.0
3.6399104308390022,34,13738,4.0
3.381774594453166,979,13738,4.0
3.5332073283859,1657,13738,5.0
3.6945829636202308,993,13738,5.0
3.3654870515184268,3059,13738,5.0
4.328581260009831,1005,13738,4.0
4.378267922553637,870,13738,4.0
4.15385611853437,127,13738,5.0
4.121874588545095,1663,13738,4.0
3.8035734900020617,1950,13738,2.0
4.302365777367741,1008,13738,5.0
3.8926509770574897,1299,13738,4.0
4.19249545651594,679,13738,3.0
3.5579112763986713,1336,13738,4.0
4.270192702080832,1665,13738,5.0
4.14191403834261,227,13738,3.0
3.9002534766820482,1380,13738,4.0
3.2173612137162557,2034,13738,5.0
4.016838905142476,1496,13738,4.0
2.9549357726474437,139,13740,4.0
3.835878028649768,354,13740,5.0
3.0141057920552705,4678,13740,2.5
4.144687624101324,2495,13740,4.5
3.703344465486429,1876,13740,4.0
3.7489824811770234,359,13741,4.0
3.448593759163517,63,13741,4.5
3.646933978244889,6,13741,3.5
3.6369332908654832,273,13741,2.0
3.570703135856438,319,13741,3.5
3.087855193964378,802,13741,4.5
5.0,0,13742,4.0
4.719622302938562,126,13742,4.5
4.420314804082554,637,13742,4.5
4.752057178932179,1509,13742,3.5
4.384477958688485,2063,13742,4.5
3.9432205185165716,1863,13742,4.0
4.337647049254555,964,13742,4.0
5.0,275,13742,4.5
4.350495549771867,1871,13742,4.5
4.755006609661409,1751,13742,5.0
4.780984829222816,412,13742,4.5
2.4475994958958656,222,13743,0.5
1.6469686427850767,2013,13743,2.5
2.958843247546594,265,13746,2.0
4.167895515498081,115,13747,5.0
1.87488375911593,2608,13747,1.0
2.708322165077509,210,13747,0.5
4.144992954660074,1262,13747,3.5
4.117228473155198,707,13747,5.0
3.9315287464773188,183,13748,3.0
3.1930628559603003,7917,13748,3.5
2.7033867223585584,2091,13748,3.5
3.2201873539776376,2556,13748,3.0
2.7920216322624904,7152,13748,3.5
1.4867674027128726,2603,13748,3.5
2.3242661090095638,8394,13748,3.0
3.1193586219287135,9244,13748,4.5
3.253760258634465,16926,13748,3.5
4.13108879667276,1400,13749,4.0
3.488009332638308,1512,13749,1.0
2.898149596427048,1513,13749,1.0
4.157881657401985,115,13751,2.0
4.8531669590020785,0,13752,5.0
3.5004679261015266,2054,13753,3.0
3.2184572128294144,995,13759,2.0
4.22905282461078,333,13761,4.5
3.6008601919647876,2512,13762,5.0
4.175363053301166,3765,13762,5.0
3.331822095814633,357,13763,3.0
3.5514101153220072,44,13763,5.0
3.631368660361197,3,13763,5.0
3.3711227951153324,2846,13763,4.0
3.803015545222368,1237,13763,5.0
3.350413226905764,300,13763,4.0
3.5527653192578565,1261,13763,4.0
2.7803635765049504,4916,13763,4.0
3.3850301757140366,2270,13763,3.0
3.4184801935253626,1295,13763,3.0
2.8961673583951897,367,13763,3.0
2.7860796365195424,1346,13763,4.0
2.942168054797501,1362,13763,3.0
3.5072084777254053,78,13763,2.0
3.087817377347691,2294,13763,3.0
3.5942919870345245,1448,13763,4.0
3.077905259426428,778,13763,3.0
2.7021634787885125,1453,13763,2.0
3.785578062070599,1029,13763,4.0
3.551428103841694,1476,13763,2.0
2.9973987668236672,3769,13763,2.0
2.131538947943884,4441,13763,3.0
4.9160538677573475,2268,13767,4.0
4.457729383658928,2273,13767,4.0
4.404065554065554,4788,13767,5.0
3.14892177589852,604,13772,1.5
2.605614165634388,612,13772,4.5
2.9532723116909545,120,13772,3.5
3.4274312598356356,2712,13772,4.5
3.6864279242908915,295,13772,3.5
2.9023512492029937,672,13772,4.0
2.7718931794949238,1344,13772,2.5
3.7241827264673155,77,13772,4.0
3.084821794997069,765,13772,3.5
2.860206518117086,1027,13772,3.5
2.9232622518849483,1590,13772,2.0
2.647757511456392,2097,13772,1.5
2.8203138567565453,790,13772,4.0
2.1212970914274165,3365,13772,2.5
2.297387722951372,3946,13772,4.0
2.66110807473212,2164,13772,2.5
3.3631837064126597,3621,13772,5.0
2.667497690302815,7461,13772,2.0
2.7712821932589375,1679,13772,3.0
2.995690007666752,452,13772,2.0
2.8932773843853203,520,13772,4.0
3.5229942095964843,1142,13772,3.5
2.9140129166022324,14793,13772,3.0
2.8289201313012873,2498,13772,3.0
2.828424946611904,7043,13772,3.5
3.551286082710926,861,13772,4.5
2.6161514039596856,21328,13772,2.5
2.195741622718367,1098,13772,4.5
3.490295057580646,1623,13773,4.0
3.9482837264831394,357,13774,5.0
4.257762861137495,7358,13775,5.0
4.262094119952437,4241,13777,5.0
3.4888583110011684,732,13779,5.0
3.689500813969809,136,13779,4.0
3.3482883601012934,1914,13779,2.0
3.298894146844914,188,13779,2.0
3.8654442406741536,1900,13783,3.5
4.497334585319623,660,13783,4.5
4.654083348765097,66,13783,4.5
4.505700823622704,214,13783,3.0
4.461307404540764,51,13784,5.0
3.6818984775497556,579,13784,5.0
4.394815430957071,588,13784,5.0
4.642346022140914,3031,13784,5.0
4.3308136287950925,6147,13784,4.5
4.247971462905299,5759,13784,4.0
4.405471337138986,4034,13784,4.0
4.076096646852721,165,13784,3.5
3.998405659319459,2770,13784,3.5
4.346060373450079,2820,13784,0.5
3.0372676314678064,12054,13784,0.5
3.8541202370022702,946,13784,0.5
4.0237659530033385,141,13788,4.5
3.3394167568531623,889,13788,3.5
3.408855984022227,1159,13789,5.0
4.2457028897164095,1098,13790,2.5
4.498523759559565,140,13791,0.5
3.7734553914300806,10930,13791,4.0
3.161523130531501,17002,13791,5.0
5.0,354,13793,5.0
5.0,78,13793,5.0
4.759119258939412,7058,13793,5.0
3.9822760723954236,989,13794,4.0
4.586986511261942,224,13794,4.0
3.839355382500783,251,13794,1.0
4.8818254649708654,2464,13794,5.0
3.8767383626582657,962,13794,4.0
3.52452608184446,1916,13795,3.0
3.8463708819961484,351,13795,4.0
3.1484474263511286,6181,13795,2.0
3.3275300794808103,871,13795,2.0
3.4337035352430147,638,13795,4.0
4.0185530889790515,673,13795,4.0
3.3019162692714117,1300,13795,3.0
3.087627100910766,679,13795,3.0
2.4138858908110468,3282,13795,2.0
3.438932328507348,1614,13795,3.0
3.8141049139600565,766,13795,4.0
1.9452340214667423,5831,13795,2.0
3.0533190705197617,1195,13798,4.0
2.9183709739909305,1314,13798,1.5
4.123195027342824,63,13799,4.0
3.110251006303638,3091,13801,3.0
3.1697721294058523,1967,13801,4.0
3.298560420959141,1295,13801,3.0
2.8847680782839453,1300,13801,2.0
3.0786303144739677,1013,13801,3.0
3.096666893478039,1606,13801,2.0
3.404199659688437,2544,13801,4.0
2.9810064069487447,877,13801,2.0
3.339256340980328,135,13801,2.0
3.2581920621032547,2083,13801,2.0
4.4137628312048385,578,13802,2.0
4.442487249331131,414,13802,4.0
4.43984687580222,25,13802,4.5
2.803000748765283,308,13805,2.5
2.834423127377673,1679,13805,1.5
2.634912973189737,446,13805,1.5
2.7667356605734628,4170,13805,2.0
2.2614830499376875,4261,13805,2.0
2.7678367755574502,1098,13805,3.5
2.6920108064927275,1646,13805,5.0
3.1470284387329843,946,13805,4.0
3.2704422270056437,4618,13805,3.5
4.024539364887816,991,13806,4.0
2.4249587371821884,1240,13806,4.0
4.024665014092412,298,13806,3.5
3.753703464676916,364,13806,4.0
3.3105616065350576,434,13806,3.0
3.299978242548098,9568,13806,2.0
3.17603675752917,2516,13810,4.5
4.248460466740582,1250,13810,4.0
3.817676364822917,139,13811,3.0
3.660255507700972,876,13811,5.0
2.694438643843076,343,13816,3.0
2.676929791584224,2697,13816,2.0
2.593425212829645,1552,13816,4.0
2.5388701440726593,1928,13816,0.5
3.3592772908936825,1214,13816,3.5
2.742576616981049,44,13816,5.0
2.309373153777586,1664,13816,3.0
3.0540570809615133,655,13816,4.0
3.0615082409126733,678,13816,5.0
3.418878023907456,707,13816,4.0
3.4279208025194903,2616,13816,3.5
2.1629123923168243,2025,13816,3.0
2.466297438643047,266,13816,3.5
3.217943288278448,2090,13816,3.5
3.2059214255310406,2104,13816,5.0
2.500275276602753,1867,13816,4.5
3.4336012684593733,358,13818,2.0
3.0476886615494214,349,13819,4.0
3.578968777632169,1011,13819,3.5
3.8003137055875085,766,13819,3.5
4.054721918147895,55,13819,4.0
4.179859473193917,2817,13819,3.5
4.410733635543884,472,13819,3.0
4.109422583454186,1156,13821,3.0
3.6417574824434964,191,13821,3.0
4.697278762506185,617,13821,5.0
4.258116901020126,863,13822,4.0
3.3364667456199713,342,13822,3.5
4.364577322990295,354,13822,5.0
3.4111783820227846,2539,13822,3.0
3.5487690266722525,60,13822,4.0
3.8308261830669768,1275,13822,3.5
2.894626043218924,686,13822,4.0
4.116096112236785,2544,13822,4.0
4.177383363316001,2313,13822,4.0
2.543683270139771,545,13823,3.0
2.7055782558533545,995,13823,2.0
4.344491558622518,185,13824,4.0
3.751838522588523,355,13824,4.5
4.011360877684408,3,13824,3.0
3.6956887532965115,6,13824,4.0
4.214810383832784,100,13824,4.5
5.0,796,13825,5.0
4.802528889414004,833,13825,5.0
2.458206995917229,307,13826,4.0
3.450266195189675,166,13828,2.5
2.5048864649832954,3408,13829,3.0
4.658249815003015,1415,13830,5.0
3.923566985513865,171,13832,3.5
3.311605329344978,5533,13832,4.0
3.7775337591988447,33,13833,3.0
4.118081309773485,693,13833,3.0
2.6399041770002594,694,13833,4.0
3.810448498326819,1427,13833,5.0
2.878563026414257,4678,13833,3.0
5.0,107,13837,5.0
3.905699539933252,4480,13837,5.0
3.506897351442699,562,13838,3.0
3.2180638233577663,337,13838,3.5
3.3172276789710455,2197,13838,3.5
3.4357794329853153,57,13839,3.0
1.7860595072346057,10005,13839,2.0
2.591196446527329,553,13839,5.0
3.4207054706399287,554,13839,4.0
2.8403501400560223,1180,13839,4.0
3.639181308887191,346,13839,5.0
2.1139305052451802,11041,13839,3.0
2.5770779436196802,3224,13839,4.0
2.8770978806282934,3578,13839,2.0
3.0621813668015587,3547,13839,2.0
3.0041630968269697,2394,13839,3.0
2.5722899566344406,6298,13839,3.0
2.498713235294118,216,13839,2.5
2.023170359052712,686,13839,2.0
3.1230853380419354,2401,13839,5.0
3.295141806722689,1328,13839,4.0
3.4063820023695555,4807,13839,2.5
3.3350471097529923,1560,13839,3.0
3.724977225933108,765,13839,3.0
2.9691425451812012,6110,13839,4.0
1.6711231704514586,3771,13839,1.0
3.054169254148709,6112,13839,3.0
2.8533260442312827,6442,13839,2.5
2.6510255461327623,6065,13839,1.5
2.5234764359108492,972,13839,2.5
3.265933855987699,7919,13839,3.0
2.758290690081544,2468,13839,3.0
2.5288521539853708,3805,13839,3.0
1.3725413782665188,4909,13839,2.0
1.8277143982072774,4605,13839,3.0
3.0537848688022664,3289,13839,3.0
2.8352700163471294,5451,13839,3.0
2.141421568627451,975,13839,3.0
2.890806100607339,3845,13839,3.0
2.8059589865813126,3858,13839,3.0
2.24505160919407,12499,13839,2.0
3.86277831617131,9763,13839,4.0
2.250427116917775,13127,13839,2.0
1.9196406274025986,15723,13839,0.5
3.5555528748050937,5032,13839,3.0
2.2109970709454645,3344,13839,1.5
2.4363210251210763,4660,13839,2.0
3.181318408060217,17568,13839,3.0
2.648265774335304,2141,13839,2.0
3.7883374575438316,5735,13839,5.0
2.7652682358104546,10447,13839,3.0
3.5186257174535154,5058,13839,3.0
3.7927419333059684,8732,13839,5.0
2.3793163384738025,3606,13839,3.0
2.441762678756653,13109,13839,3.0
2.5040505079945126,10880,13839,3.0
1.9989037889500578,5134,13839,2.5
1.833158728558383,10541,13839,2.0
3.6868795463117383,3051,13839,3.0
3.2243381527680723,8875,13839,5.0
2.801333734077452,5624,13839,2.5
3.113189531940917,11175,13839,2.0
3.1202401111959936,382,13839,3.0
3.4541126636351853,2618,13839,4.0
3.5094896635688215,4431,13839,5.0
3.0696774599163854,7943,13839,3.0
2.738492304838287,9775,13839,1.0
3.0311931809449706,11357,13839,2.0
3.2022154889120333,12,13839,5.0
2.3136744058632406,20852,13839,3.0
3.248184830949924,409,13839,5.0
2.91788572124393,1631,13840,3.5
3.374607394178838,2665,13840,4.5
4.24828095101416,147,13840,4.0
3.6596591780502816,2817,13840,3.5
3.628407848389633,433,13840,4.0
3.8308138981394984,457,13840,3.5
4.053335271693481,915,13840,3.5
3.6594304116939145,4211,13840,3.0
3.7046164946164946,359,13841,5.0
3.6749888853289905,824,13841,3.5
4.274781687537989,76,13843,3.0
3.4887516410987054,1915,13844,3.0
4.005666970497533,612,13844,4.5
3.3424311371705873,679,13844,4.5
3.2082934536372134,2029,13844,3.5
4.145129239858996,147,13844,5.0
3.3816172755574376,157,13844,3.5
3.2558518323964503,108,13845,3.5
3.0550826970700715,939,13845,3.0
3.640475038049704,579,13846,3.0
1.8421722029405967,2540,13847,2.0
3.072874124391873,41,13848,1.0
3.8964964217984357,660,13849,4.5
3.2003244780014914,1781,13849,3.5
4.356906966419507,315,13849,4.5
3.9294322664119115,334,13849,4.0
3.9411626948541567,1749,13849,4.0
3.629622928177561,388,13849,3.5
4.034346888211339,4140,13849,3.5
3.9593535997457647,4244,13849,4.0
3.6006759264502177,4297,13849,3.5
4.356923522039282,2792,13849,4.5
3.7366390144989565,8332,13849,4.0
3.820311622944126,1102,13849,4.0
3.273704616723812,201,13850,4.0
3.6802030814754216,71,13850,2.0
4.150573909934941,1679,13851,4.0
3.578025907050688,2917,13851,5.0
4.450122290887376,1184,13852,3.0
4.507811150230698,863,13853,4.0
3.8160600800055966,196,13856,5.0
3.1271312292192097,310,13857,3.0
4.5274173074501105,373,13858,5.0
4.312675531172232,1679,13858,3.5
4.224186497737518,1655,13862,4.0
4.021562616829987,2342,13862,3.0
3.2941577979273537,142,13863,4.0
4.2221633668564325,124,13864,3.5
3.58997932822859,107,13864,3.5
3.2784361879780244,106,13866,4.5
3.860535939480612,366,13867,4.5
2.285232600801096,1550,13868,4.0
3.947871469501904,34,13869,5.0
5.0,140,13870,4.0
4.479637660173819,318,13870,4.0
4.154274570573586,614,13873,1.0
4.1805493201610755,77,13873,4.0
4.21825812524488,275,13873,5.0
3.8539929147964127,59,13875,5.0
3.9298188208039204,624,13875,3.5
3.806886631391552,201,13875,4.0
4.0536892455524915,1328,13875,5.0
4.1027435242117996,4034,13878,4.0
4.6582835849158775,2285,13879,4.5
1.9761644393341833,1836,13880,2.5
2.5342961044534644,318,13880,5.0
3.4899736685454266,1443,13882,2.0
3.956174402320305,1445,13882,3.5
3.7949371704528456,2721,13882,3.5
3.757020552377929,325,13882,3.0
2.8955898513251452,958,13883,3.0
3.8265651260504203,743,13883,3.5
2.915593948105558,3560,13883,4.5
2.8291625286478226,213,13883,2.5
3.5006524276377213,675,13883,3.5
2.8645548677901616,708,13883,2.5
2.9147195320867483,2024,13883,4.0
3.4084211850779207,6900,13883,2.5
3.0100106653654524,11454,13883,2.5
3.233401094062177,16828,13883,3.0
2.830964750075044,339,13883,3.0
3.1018617851205335,801,13883,3.5
2.5949585451951935,12410,13883,2.0
3.191586521979022,2198,13883,2.5
3.5347460527890315,21383,13883,2.5
2.932326746826114,7445,13883,1.5
2.234540539345405,21385,13883,4.0
2.740008314211097,5606,13883,2.0
3.0863438281493485,16748,13883,3.0
3.0145049458267663,406,13883,1.5
3.002532595253404,1804,13883,3.5
2.771859383676581,5665,13883,4.0
1.16860211856937,21403,13883,1.0
2.930403897177663,12691,13883,3.0
3.793059838027989,8158,13883,3.0
2.747883639433317,9387,13883,3.0
2.620297337278641,21418,13883,2.0
2.856241158301369,21430,13883,3.0
2.0927536457162286,17003,13883,3.0
2.832459503315466,928,13885,4.0
2.3073981068920015,24,13885,1.5
2.9821816802409455,3331,13887,1.0
2.6342470095624666,116,13887,3.0
3.5545894654500545,202,13887,3.0
3.0711420227618276,636,13887,3.0
3.218246139087912,779,13887,2.0
2.5918718114069486,307,13887,3.0
2.9810860324676662,101,13887,3.0
3.7425299319677214,309,13887,3.0
3.181872432385258,1524,13887,3.0
3.5104355669194587,3193,13889,4.5
2.9482379494785,4340,13889,3.5
3.811001401143867,7053,13889,3.5
4.66402688726029,29,13891,3.0
3.6184410293249805,6812,13891,3.0
4.733507444002099,205,13891,5.0
3.1447202677330495,286,13894,3.0
2.894475386847322,347,13894,4.0
4.116874569949055,996,13895,5.0
4.388388009787508,606,13897,5.0
2.808801202583502,2540,13898,3.5
3.5645538606453098,3709,13898,3.5
4.3300847900422745,762,13898,4.0
3.4009475817149335,308,13898,4.0
2.8532948618669804,1516,13898,3.0
3.543330330227637,2097,13898,4.0
3.488110860196137,158,13898,4.0
4.327624321880651,173,13898,4.5
3.568150637670125,175,13898,3.5
2.8430614603576587,6082,13898,3.5
3.531949718706048,955,13898,4.5
3.828851135617761,354,13899,4.0
2.9865282746561284,36,13899,2.5
3.1280015272440638,640,13902,2.5
3.1313115179069957,765,13902,3.0
3.611519851240329,327,13902,4.0
3.9238798996867406,42,13903,2.0
4.592043598895472,3098,13903,4.0
3.279186505540495,1552,13904,4.0
4.192382804686317,1709,13904,4.5
4.249020820703347,323,13904,4.5
4.145775972065331,3599,13904,4.0
4.037712936847309,365,13908,4.0
4.4782170471678455,141,13910,5.0
3.791439674079611,304,13912,4.5
3.9040417459892605,1903,13914,4.0
4.885448882941278,303,13914,4.0
4.33114730299037,807,13914,5.0
4.327665138224349,366,13916,4.5
3.830351674811945,876,13916,4.5
3.8141910184226653,4740,13916,3.5
4.137347682141625,4759,13916,4.5
4.299038997839417,5700,13916,5.0
3.1325852325818593,488,13917,3.0
3.0589372142268494,534,13918,3.5
3.164670029127621,366,13918,4.0
3.175026224406994,876,13918,3.0
3.5033207720269166,1962,13919,2.0
3.5046038582014187,3066,13919,4.0
3.6760797897754416,1852,13919,3.0
4.6422146645113,28,13920,5.0
3.753076425586462,1901,13920,4.0
4.594393876544257,1704,13920,3.0
4.9420589585076,1813,13925,5.0
3.1180342592943573,1448,13926,5.0
3.864158665454249,117,13927,3.0
4.113373888507065,54,13927,3.0
2.3450764751562163,3580,13927,3.0
3.607908406874406,2289,13927,3.0
2.575973007052927,131,13927,3.0
2.7351122754662525,54,13929,2.0
2.5734852150685095,71,13929,4.0
2.7220517230527537,130,13929,4.0
4.339479954752398,2835,13931,4.0
3.3480023154948793,1779,13932,5.0
3.079529724529707,6153,13932,3.5
2.966332350525012,1153,13933,4.0
3.1685169833971205,6287,13933,2.0
3.703247308644191,120,13933,4.0
3.7366071475639777,620,13933,4.0
2.7379482748434363,80,13933,3.0
3.790579273667509,142,13933,4.0
3.08319895790484,3127,13933,3.0
3.1692413572719174,1480,13933,2.0
3.4078924796281775,98,13933,5.0
1.9155440855440857,1485,13933,1.0
3.486863762508924,9,13933,4.0
4.02896544620397,3076,13934,4.0
3.7795339435391084,352,13934,4.0
3.7743818671583167,538,13934,4.0
3.506516924764376,3062,13934,3.5
3.350634055631801,188,13934,2.0
3.515076761610064,3122,13934,4.0
3.567088413922526,782,13934,4.0
2.859187440864508,968,13934,2.5
3.9223419104260224,3905,13934,4.0
3.613988777133109,2170,13934,2.0
3.587811759503398,808,13934,3.0
2.7214830441779236,1046,13934,2.5
3.117373686161585,4023,13934,2.0
3.0532352161530816,817,13934,4.0
3.5678214311440724,3364,13934,3.5
4.255141371585778,824,13934,3.5
4.425336888573907,1886,13934,3.5
3.325507494841607,451,13934,3.5
4.067150124142131,488,13934,4.0
3.054903523517661,500,13934,2.5
3.575337836069007,3500,13934,3.0
2.8336738627873865,2916,13934,3.5
3.676179566451566,1641,13934,4.5
2.460836913988237,4388,13934,2.5
1.1102757117144868,8570,13934,3.0
3.8597093860649254,7699,13934,3.5
3.024408117275664,6382,13934,3.0
2.9072741430844298,1647,13934,3.5
3.292380790336832,8467,13934,3.5
2.882847205287813,6729,13934,4.0
4.351999470443444,739,13935,4.0
3.998981804011928,296,13935,4.5
3.3218909023425143,69,13936,4.0
3.8389577764749387,183,13937,3.0
3.5238234969053934,1184,13937,5.0
3.3149743111381764,1704,13937,4.0
4.508328927114266,567,13937,4.0
4.125773344445944,290,13937,2.0
4.113790995825879,2621,13937,3.0
3.2451839507390563,59,13937,4.0
3.6253398752949835,1556,13937,4.0
3.7797869246766305,1557,13937,3.0
3.1662769102242785,1297,13937,2.0
3.9139094074462237,677,13937,5.0
3.2162244004471647,206,13938,2.0
3.465603729592494,689,13938,3.0
3.095802111495758,290,13939,4.0
3.51200443428215,2267,13939,3.0
4.195869260198936,4925,13939,4.0
3.9281908879392438,380,13939,3.5
3.985176017854589,492,13939,4.0
3.472926280069138,171,13939,4.0
3.0415465843523175,6485,13939,3.5
4.4213519880050285,5063,13941,5.0
4.244675585852057,4659,13941,3.5
4.438221612182564,4028,13941,4.5
3.0212092766403913,6422,13941,4.0
4.447592707731481,1680,13941,5.0
4.184069638166943,4197,13941,4.5
4.18386901986902,853,13941,4.0
4.26060949152236,2794,13941,4.0
3.534376281470464,5189,13941,4.5
3.3583472106621133,11731,13941,4.0
1.9670847984973765,3228,13942,2.0
1.9353899146873657,653,13942,3.0
2.4708512186141074,1259,13942,2.0
1.478502979188896,9950,13942,3.0
2.001807874693247,5568,13942,3.0
0.6394647171557991,5569,13942,3.0
2.0546667394580767,6318,13942,3.0
2.4707660134015095,3420,13943,1.0
3.1139711203430718,999,13943,4.5
3.3852913279132792,119,13943,4.0
2.802180216802168,1631,13943,1.0
2.334913927535879,640,13943,4.0
3.0317595818815333,364,13943,2.0
3.1618572706034365,3456,13943,3.0
2.5723579751855032,1295,13943,2.0
2.9480043297806926,2719,13943,2.0
3.422129338758643,2546,13943,4.0
3.105316441688393,6192,13943,4.0
2.5029404513856157,1489,13943,2.5
3.089178690550642,1861,13943,1.0
3.0135084504168064,148,13943,5.0
2.764521291653097,6462,13943,2.5
3.4613560771533693,39,13945,3.5
4.9014884787144695,876,13945,4.0
3.0990155279026883,482,13945,3.0
4.199837406226859,1076,13945,4.5
3.55072125928062,286,13947,4.0
2.9987070726578406,187,13947,3.0
3.504057025640939,1548,13947,3.0
4.125823047403393,2835,13948,5.0
1.6894468543420122,6265,13950,2.0
4.077255574394549,148,13951,4.5
3.727046856634933,833,13951,5.0
4.017780702689714,34,13952,5.0
3.169408672674645,1655,13952,4.0
3.3892078315951486,1196,13952,3.0
3.5324661346105994,2468,13954,2.5
3.7741935876155357,579,13958,1.0
4.571486022121202,660,13960,4.0
4.254895759698521,1011,13960,5.0
3.4036102500174885,1356,13960,3.0
4.652316411815167,273,13960,5.0
5.0,1045,13960,4.0
4.35568016131534,1049,13960,4.0
4.5963687661887285,2226,13960,5.0
3.78804411439167,1952,13961,3.5
3.235581753806308,325,13961,3.5
3.5431457973894935,153,13961,3.5
4.304795809254014,578,13962,4.0
4.533939854564855,865,13962,4.0
4.348918704489525,123,13962,5.0
3.4550520241581455,1663,13962,5.0
3.705433131615417,662,13962,3.0
3.544361424141871,1557,13962,5.0
4.43031266758976,140,13963,5.0
3.67942095961414,884,13963,2.5
3.201177463419105,106,13966,3.5
3.2817154974355165,1547,13968,3.0
2.787020402833433,1156,13969,2.5
3.4691949972448697,2343,13969,3.0
3.230184840734713,1551,13969,3.5
2.559755927542642,1581,13969,3.5
3.026535989585862,596,13969,4.0
3.562650757171218,1232,13969,3.5
3.5484965290464014,672,13969,4.0
3.3008486213984938,3587,13969,2.0
3.678079997048987,1358,13969,2.5
2.5269985131733854,81,13969,3.5
3.604423755200021,779,13969,3.5
2.713117272080457,1488,13969,3.5
3.637389386189258,890,13969,2.5
2.769598548801672,157,13969,3.5
3.063460131472732,1052,13969,3.5
3.0974908875679965,6896,13970,3.0
3.389801977565364,171,13971,2.5
2.559149590673577,2671,13972,3.5
4.260464260341818,2487,13974,4.0
4.44282994052731,2628,13974,4.0
3.441784299336173,6501,13974,3.0
4.831322839741958,202,13974,4.0
3.7439417227858747,5148,13974,4.0
4.119712973565454,53,13975,3.0
4.424437781166048,1032,13975,4.0
4.131348989420499,732,13976,4.0
4.048074377234561,537,13976,5.0
4.913283170281527,732,13978,5.0
4.49701442774073,117,13978,5.0
4.279467076190513,2536,13978,2.0
4.628230143299345,1215,13978,5.0
4.43162223297988,633,13978,5.0
2.67848178838334,1971,13979,3.0
4.741658511020975,30,13982,5.0
4.316190242707232,993,13982,4.0
3.8801440408364285,866,13982,3.0
3.90104920653236,1607,13982,5.0
4.002364194226658,1318,13982,4.0
3.797145524007988,1993,13982,4.0
4.407506995989554,139,13984,3.5
3.835838869648167,288,13984,4.0
4.10114209510064,1209,13984,5.0
4.198641456582633,53,13984,4.0
3.724176003734827,4,13984,4.0
3.834893466862776,756,13984,4.0
4.474979165751986,273,13984,4.5
4.426854055539764,410,13984,4.0
4.442333144796379,520,13984,4.5
3.8831137346242848,928,13984,4.0
4.463726615273199,178,13984,3.0
3.8446494845024257,181,13984,2.5
4.186754563964586,339,13985,4.0
4.736911053988212,5389,13985,3.5
2.805933541220035,2339,13987,3.0
2.4943462396327334,2535,13987,1.0
2.683797899084393,580,13987,2.0
3.0503710862496853,1698,13987,2.0
3.227180793967288,607,13987,3.0
2.815079716442134,2959,13987,3.0
2.9842849120714057,744,13987,4.0
2.214436288472782,644,13987,1.0
3.213072178380482,1012,13987,3.0
3.160010363264375,3458,13987,3.0
2.9750803264523467,1850,13987,2.0
2.29710417614067,696,13987,3.0
1.635920011387072,6060,13987,1.0
3.0625574728439666,87,13987,3.0
2.9679385477078,1419,13987,5.0
3.310245223144249,93,13987,1.0
3.1792877712099035,781,13987,3.0
3.895675888484581,5609,13987,3.0
3.528435291920315,3308,13987,3.0
5.0,2738,13989,4.0
3.7691302638204887,140,13990,4.0
3.1644162350498526,1850,13990,3.0
3.273241262608381,2015,13990,3.0
3.1288184993894332,3240,13991,3.0
2.451670065705868,2637,13991,3.0
2.8877950021187133,4524,13991,3.0
2.679093401860341,872,13991,3.0
3.605541027623406,66,13991,3.0
2.366933816866422,8798,13991,3.0
2.864440954456678,4601,13991,3.0
4.8321680564890235,541,13994,3.0
3.802855547800912,360,13994,4.0
3.8364908998811122,612,13994,4.0
3.707106905423114,44,13994,4.5
4.106678129606566,8,13994,4.0
4.323633961110291,479,13995,5.0
3.3444457976636235,696,13997,5.0
4.625790586146748,479,14000,5.0
3.4477826562999194,1663,14007,0.5
4.62246262409112,122,14008,4.0
4.203765694042605,762,14008,4.5
3.9825249074553164,2123,14008,4.5
4.529077129042253,153,14008,5.0
4.050430629684641,1758,14008,3.5
4.3551726516821185,876,14009,4.0
4.088210646748546,9,14009,4.0
4.673709700223718,1010,14013,3.0
3.9039307640127077,183,14014,5.0
3.369696471336626,54,14014,4.0
3.570836949828834,960,14014,4.0
2.6383589639652563,1858,14014,3.0
2.4050891114764537,4528,14014,3.0
3.4861550321582166,1916,14015,4.0
3.7818857265090613,192,14015,3.0
4.098770017690872,592,14015,5.0
4.337153342628277,1583,14015,5.0
4.2254349013258565,89,14015,4.0
4.531358652422813,90,14015,4.0
3.954604045416228,1434,14015,2.0
3.359901971498514,1007,14017,3.0
2.6419165557352056,1471,14017,3.5
2.723809125060498,325,14017,3.0
3.659289738870578,30,14021,4.5
2.9311986632795017,1155,14021,4.0
3.772563336188292,1196,14021,4.0
4.2668227614036,50,14021,3.5
3.851380513592931,958,14021,4.5
3.438536942690149,2255,14021,4.0
3.721256799587638,1159,14021,4.5
3.6801004632339334,1664,14021,2.0
3.505656848068569,1478,14021,3.0
4.328512823792192,1718,14021,3.5
3.6951871751627503,2063,14021,3.5
4.113161505486631,3146,14021,4.0
4.180473024539157,5047,14021,4.5
2.4564005116174408,3657,14023,3.0
3.41362000921785,990,14023,3.0
3.36716988437221,2859,14023,3.0
3.247635416113677,3331,14023,4.0
3.4877565850901764,1156,14023,3.0
3.067647561381129,359,14024,3.0
2.9994284419572326,2683,14024,3.5
3.081474222824187,1427,14024,2.0
3.2698258401944784,801,14024,3.5
2.9720345383840114,160,14024,4.5
4.294326213649894,792,14026,5.0
4.368665433149583,2343,14027,5.0
3.6251434647832355,675,14028,4.5
3.470169082166404,36,14030,2.0
3.435632363213282,1457,14030,3.0
4.619131317613992,107,14031,4.0
3.9996927392593715,329,14031,3.0
3.96419363044363,1648,14031,4.0
3.959298515474986,1168,14032,4.0
3.2760409602437464,1901,14032,2.0
4.295984025391533,1936,14032,3.0
3.9304580645858533,2399,14032,4.0
3.5147413570691435,1995,14032,3.0
3.969470441139568,1344,14032,2.0
3.6773222872360085,2547,14032,5.0
4.160334283138543,1373,14032,5.0
4.591630454813504,1560,14032,4.0
4.277693091279369,744,14033,4.0
5.0,3,14033,5.0
3.9205568294590694,1551,14034,4.0
3.8431653341009024,2977,14034,3.5
3.9544434055731688,799,14034,4.0
4.514566907729076,171,14034,4.0
4.302657990094903,7662,14034,3.0
4.410492422459362,5554,14034,3.0
3.2202109681392725,353,14037,3.0
3.882215181850788,358,14037,4.0
3.5247739079368583,1845,14037,2.5
2.034650114497926,2951,14037,4.0
2.881479161916192,3395,14037,4.0
3.548793436398956,1035,14040,4.0
2.713220305666126,1662,14042,2.0
3.8357653510774234,354,14043,5.0
1.3175369102564027,1427,14045,1.0
3.3562498056417467,538,14046,5.0
3.006925788407137,1175,14046,3.0
2.591075718874996,1916,14046,4.0
3.0312461065972993,614,14046,5.0
3.1063405285316583,622,14046,3.0
2.084082231273361,1631,14046,5.0
3.0724302841866313,1246,14046,4.0
2.4653123900035196,1251,14046,3.0
3.1793924765836064,62,14046,4.0
2.822932339498469,654,14046,4.0
3.5729235000776316,5840,14046,2.0
2.7239544660085016,3105,14046,3.0
2.7369238532256785,1585,14046,4.0
2.6090809705593516,3502,14046,2.0
3.3519934866846164,1361,14046,4.0
2.403992591780582,1388,14046,1.0
3.274156122898977,8,14046,5.0
3.0313557166812792,3741,14046,4.0
2.734280382795042,2865,14046,2.0
3.247365961432091,5079,14046,3.0
3.3727168646138765,1566,14046,3.0
3.9350980338553874,171,14047,2.5
2.714197261695679,11043,14047,0.5
3.3226749907918114,850,14048,0.5
3.2925776500265944,1556,14049,2.5
3.3448291127728047,7,14049,5.0
1.8659379334116175,2035,14049,2.0
2.1996086140139006,135,14049,3.5
2.078163112472323,3321,14049,2.5
3.6237549225658334,464,14049,4.0
2.5765801598043394,507,14049,3.5
3.7513382642998025,2683,14050,4.0
3.0886474702820466,71,14050,3.0
3.5417428376676114,135,14050,3.0
1.9068389556288872,2691,14051,2.0
4.075724299646713,51,14052,5.0
3.4483973665223666,1219,14052,2.0
3.4983865480924305,67,14052,4.0
2.834442621942622,1396,14052,4.0
2.4326876339536185,3281,14054,3.0
2.980225972610079,46,14054,3.0
2.6675231157615387,1711,14054,3.0
4.09715775895627,185,14061,2.0
3.8012114810595445,3656,14061,3.0
4.214797450356661,676,14061,3.0
4.466382305003032,2870,14067,3.0
4.789888847710227,876,14067,4.0
4.303972423329259,332,14067,5.0
4.149806545512368,8022,14067,4.0
4.668620251895924,7003,14067,3.0
4.752862179753987,12756,14067,5.0
4.0639439003000986,4228,14067,5.0
4.877578131959039,1706,14068,5.0
4.646607204552145,126,14068,5.0
4.071623919734873,1843,14068,5.0
3.6991333003813716,1712,14070,4.0
3.8880516392713624,139,14074,4.0
3.9334522076569858,1658,14074,3.5
4.525631970887178,583,14074,3.5
4.166798690324905,787,14074,3.0
2.9445088203000234,2097,14074,2.5
3.7445914104306386,851,14074,3.5
3.5284765017959,1641,14074,3.5
3.8987248086644373,5,14076,2.0
3.882112875343374,1185,14078,4.5
3.9783743288076563,2,14078,0.5
3.987586826657303,595,14078,5.0
3.1159329858737754,1014,14078,4.0
4.14149655129186,6137,14078,4.0
3.70187333162105,2725,14078,4.5
3.836050768074937,51,14080,4.0
3.3997289337290066,1552,14080,4.0
3.3856179267569875,347,14080,4.0
3.7428039223280916,624,14080,5.0
3.9557945421192455,1231,14080,4.0
3.9436433606675294,749,14080,3.0
2.73044927770371,209,14080,2.0
3.201739091803311,1260,14080,3.0
3.3173857294098985,2616,14080,4.0
3.7840386488641093,241,14080,4.0
3.063599009593767,2035,14080,4.0
3.742043432817602,772,14080,4.0
3.293940979715149,725,14080,3.0
2.9422519461756265,2077,14080,4.0
2.5320112411530573,2080,14080,3.0
2.9110272198547107,9073,14080,3.0
3.1658548991290685,325,14080,3.0
3.4687638456324312,1786,14084,4.0
3.994339229671009,1811,14084,3.0
2.692920899506973,15625,14084,3.5
3.668947162873246,1645,14084,4.0
3.526894033760116,6939,14084,4.0
2.3032862780759347,4904,14084,4.0
4.375314152529672,578,14085,5.0
3.3943419632988996,3550,14085,3.0
3.8115496208344255,646,14085,4.0
3.3983836383072377,2065,14085,3.0
3.503684683390643,2090,14085,4.0
4.38418518650032,8,14086,5.0
3.13064362899324,364,14088,5.0
4.316625160141293,623,14091,5.0
4.595623072037879,365,14091,2.0
3.863964138111547,606,14092,4.0
3.358509274365595,1957,14092,3.0
3.3973882676498075,708,14092,3.0
3.413185893629972,1434,14092,4.0
4.089049013027984,2109,14092,3.5
3.9792548335037905,1903,14093,3.0
3.2962613548467448,43,14093,4.0
3.5038254427077957,358,14094,4.5
4.4930807618416315,617,14094,5.0
4.288262516756786,876,14094,3.0
3.846506839742134,1666,14094,3.0
3.3353442251236367,804,14094,4.0
3.9944935874965033,824,14094,5.0
2.947180388707923,1426,14096,3.0
4.335901316827732,1779,14097,3.5
4.436662168241116,115,14098,3.0
3.7748146685186157,637,14098,4.0
4.848296010589243,3248,14098,4.0
3.1998762678755615,1900,14100,3.5
3.9094292096884833,5598,14101,5.0
4.309507423096353,3,14103,4.0
4.02818736642266,1292,14103,5.0
3.740805765180765,679,14103,3.0
3.477036463644294,1414,14103,4.0
4.285776169776169,1722,14103,4.0
4.279737001734113,9,14103,5.0
4.246146381900857,2176,14103,4.0
4.018606131481131,833,14103,3.0
3.6508309703418167,471,14103,5.0
4.314628063020225,921,14103,4.0
2.7563390061835635,4873,14103,1.0
5.0,115,14104,5.0
3.643581661299645,1549,14106,4.0
3.7246110730643505,211,14106,2.5
3.511704926922911,648,14106,4.0
3.4953086149015986,299,14106,4.0
3.7010383712563546,1605,14106,3.5
4.196790496546524,881,14106,5.0
4.0281295031636635,1419,14106,4.5
3.423188443406427,93,14106,3.5
4.033613723036802,1667,14106,5.0
4.188991609968108,2470,14106,4.0
3.4978812179521426,2164,14106,4.0
4.003338326193478,2366,14106,4.5
3.7390390300178833,385,14106,5.0
4.371523685490355,1759,14106,3.5
4.1408602160782,1679,14106,4.5
3.035951822519232,2888,14106,3.0
4.241897165955117,693,14107,4.5
3.650592982211303,139,14109,5.0
2.748476670758224,1664,14109,2.5
3.372265167836195,48,14109,2.5
2.950627610776811,1852,14109,2.5
3.1378518085029268,255,14109,3.0
3.1943770752206997,527,14109,4.0
4.5577081432253,348,14111,4.0
2.6738468507255027,31,14112,4.0
2.9400997823079558,192,14112,4.0
2.86165158002353,1946,14112,5.0
3.4834945094465217,1548,14113,5.0
3.5686200836519806,2635,14116,3.0
3.185336960029259,3460,14116,4.0
1.9361817038050015,1619,14116,2.0
3.7964368684670826,8144,14117,4.0
3.875652542406172,350,14118,3.0
3.6718763676794146,865,14118,3.5
3.3005787907268167,2959,14118,1.0
3.4800748496018716,3099,14118,3.5
3.101519853259155,756,14118,3.5
3.572630305745159,2902,14118,4.0
2.4747481377783234,1605,14118,3.0
3.4312135227731866,1412,14118,3.0
3.8504539075702233,1028,14118,3.0
3.1624790190328955,93,14118,1.0
3.5574455085677994,153,14118,4.0
4.517250124358816,11360,14118,3.5
3.6217416511834513,8111,14118,3.5
3.605408691830991,7944,14118,5.0
4.194941732967724,4818,14118,4.5
3.9518263726131537,6582,14118,2.0
3.9949634502923974,1062,14118,4.5
3.2010043530457617,2917,14118,4.0
3.7347812658239357,1063,14118,3.5
3.5754382437737697,852,14118,3.5
3.939509187143287,4830,14118,4.0
4.159972744969072,17428,14118,3.5
3.0911661250158344,8609,14118,2.5
3.4463364131864163,9616,14118,2.5
2.5523603623802584,328,14119,3.0
4.446813063973958,2669,14120,2.0
2.407933475313943,3321,14125,2.0
3.7655063115921648,14,14125,3.5
3.550787195140136,1220,14127,5.0
4.655753148106089,744,14127,3.5
4.099309561662502,623,14127,4.0
4.272920672773615,636,14127,4.0
4.2516466543943325,753,14127,5.0
4.3592301965831375,649,14127,4.0
4.099731639584581,1299,14127,5.0
4.596008010272716,219,14127,5.0
3.7725782537547246,4678,14127,3.0
4.065149346877289,885,14127,4.0
3.997383015985957,787,14127,4.0
4.422868965221907,792,14127,4.0
2.7531711658844484,1744,14127,4.0
4.225002454553925,380,14127,5.0
3.9392821253307186,2817,14127,0.5
3.8299711727981856,728,14127,4.0
4.0765440706176,158,14127,3.0
4.189943228064387,2754,14127,5.0
3.9968194822974232,399,14127,3.5
4.426291584430169,20008,14128,4.0
4.729409400150684,742,14129,4.0
4.502289010840243,20513,14129,3.5
2.2349644231377237,1898,14130,3.5
4.234836469899126,615,14130,5.0
3.2195942139533553,93,14130,3.5
4.372647936747761,905,14130,5.0
4.345408353834236,2630,14131,3.0
5.0,538,14132,4.0
4.912469248645484,117,14132,5.0
3.8329348749308054,1843,14132,3.0
4.342546732560978,1323,14132,4.0
4.808461764167962,350,14134,4.5
4.650500487536093,409,14134,4.0
4.306542232277526,169,14134,3.5
3.5612201626359905,1424,14136,3.5
4.3943800184252,899,14136,4.5
4.526890663811145,158,14136,3.0
4.825295924835398,347,14137,4.0
3.9729512794093726,982,14137,4.0
4.245582227279849,1246,14137,3.5
4.78662161432039,651,14137,4.5
3.2592706049871403,6860,14137,3.0
3.4372989829870018,695,14137,3.5
2.6124729815391494,7142,14137,2.0
3.8694100569809775,4510,14137,4.5
4.027084857222735,492,14137,5.0
4.643941213480687,17,14137,4.5
4.325807376387497,850,14137,4.0
4.242950399989874,171,14137,4.5
4.598140380088812,1230,14139,5.0
4.051937040769148,228,14139,3.0
3.5916594993620743,354,14140,3.0
3.640034438469076,300,14140,3.0
3.9922116941208587,6,14140,1.0
4.01316973385221,3031,14141,4.0
3.80505153726809,1265,14142,3.0
4.213696853434577,241,14142,5.0
3.0372377338655365,76,14143,3.0
2.321178754898213,1492,14143,1.0
3.226955155800332,1885,14145,4.5
4.339414397130286,141,14146,5.0
3.924874218718856,1709,14148,4.5
4.139044948124004,1020,14148,3.0
4.174187295959269,4603,14148,4.5
4.182784260083021,147,14148,4.5
4.387348479411657,1797,14148,4.5
4.361934524854181,2619,14148,4.5
3.538427077393936,1704,14149,4.0
3.4819384764601007,143,14149,3.0
3.6278624366249512,1861,14149,3.0
3.2353300070959743,719,14153,4.5
4.104247642493065,185,14154,3.0
2.924130205751575,2517,14158,3.5
2.599264517614701,354,14164,5.0
5.0,8,14165,5.0
2.437350196671391,1203,14167,4.0
1.8400884709877756,367,14167,1.0
3.958524040684235,35,14168,3.0
3.4753692787794725,296,14168,4.5
3.214412274182762,639,14168,3.0
3.4659446756048697,87,14168,4.5
3.601207190867385,1447,14168,4.0
2.5119375660133945,106,14168,1.0
4.1374407285715105,318,14168,4.5
3.667647972308166,2493,14168,2.5
2.9327261167992438,4554,14168,1.0
3.364414485911685,2179,14168,3.5
2.7161449695987567,3979,14168,3.5
3.6039130650253237,5099,14168,4.0
3.213570315018327,3393,14168,1.5
3.6921951895295484,2749,14168,5.0
3.3937778000827308,156,14168,4.5
4.160596869815888,1757,14168,3.5
3.760299834335028,174,14168,4.5
4.468992876664515,120,14169,5.0
4.069183706520248,614,14169,3.5
3.857054742832738,246,14169,4.0
3.117050410587858,1863,14169,3.0
4.126039199210996,1035,14169,3.5
4.139805305148703,156,14169,5.0
3.747618662039714,921,14169,3.5
4.2996854016213595,1473,14171,4.5
4.383953575019751,148,14171,4.5
4.138416963884069,817,14171,3.5
4.10917786605151,14,14171,4.5
2.945009273590943,2611,14172,4.5
3.1504016616772774,866,14173,1.5
4.792156497942184,858,14174,3.5
4.951295811903656,4374,14174,4.0
4.056609250645282,999,14176,2.5
3.726792032773243,598,14176,1.5
3.3306284006537283,127,14176,3.5
4.146589868163311,2323,14176,5.0
3.5682808117325764,1725,14176,3.5
1.7705416959554174,5219,14176,3.0
3.9683542533123237,378,14176,4.0
3.6952923701182514,9679,14176,4.0
3.7667447062274646,185,14177,3.0
2.1554020934262867,1929,14177,2.0
2.9922933856919736,617,14177,3.5
3.037282790309106,1307,14177,3.5
3.357753428499131,562,14180,3.5
3.566321224803576,8060,14180,3.5
3.741875664540138,7,14180,4.0
4.386021761590523,6903,14180,4.0
3.1670553157160297,325,14180,3.5
4.3173094916779124,333,14180,4.0
3.5238429462694167,337,14180,2.5
3.584700029329276,1674,14180,3.5
2.647527167070623,2205,14180,0.5
3.9728264017471395,298,14182,3.5
3.8371253072338893,82,14182,3.0
3.3840122188540094,889,14182,4.5
3.960210059541014,795,14182,4.0
3.9361200525407902,1673,14182,3.0
4.1366231200659165,2817,14182,4.5
4.286544488524185,1068,14182,5.0
3.331307606021057,1768,14182,4.0
3.6034151731408643,181,14182,5.0
3.5804669021699147,1233,14183,5.0
3.90261561497731,255,14183,4.0
4.060704725634303,342,14184,3.0
3.252939353291232,1208,14184,3.0
4.075171006257705,2835,14184,4.0
4.402547648570365,358,14184,3.0
3.7509309256394103,3449,14184,4.0
4.037969927752447,1227,14184,3.0
3.696056249110826,632,14184,5.0
3.8346608863685123,1490,14187,3.0
3.9452913423664664,18,14187,3.5
3.7352146046480144,1861,14188,3.0
2.9185076061723345,835,14188,4.5
3.878168161203875,28,14189,4.0
2.972809010991784,357,14189,3.0
4.138778857696925,122,14189,4.0
3.909244975121831,45,14189,4.0
4.132120561402855,4,14189,3.0
3.180614959546572,641,14189,4.0
4.338787043072757,649,14189,4.0
3.845323869453037,782,14189,4.5
3.9574306389222356,1526,14189,4.5
4.887178875579995,4430,14189,3.5
3.8881538880263524,1754,14189,4.5
5.0,183,14192,3.5
4.854689349128876,154,14192,4.5
3.5610655479366886,648,14193,4.0
2.84077649669956,1884,14193,3.0
1.8748327885582399,1847,14194,3.0
3.414979176114045,365,14195,4.0
3.538042013165103,82,14195,3.5
4.2636055162604025,151,14195,3.5
3.1986087093298683,1605,14198,3.0
3.250967194293466,947,14198,4.0
3.0355886652191493,2047,14199,3.0
2.5361473767277953,1154,14201,3.0
3.21968055100968,1243,14201,1.0
3.360623993432823,683,14202,5.0
3.8226356652434017,798,14202,3.0
3.7464280994401657,380,14202,5.0
2.4923604522414577,345,14203,3.0
3.75615535249394,419,14204,3.0
3.756760640733851,2789,14204,3.0
3.9917221715906566,1702,14209,5.0
2.003435534988217,2875,14211,1.0
2.1876535994146122,1180,14211,3.0
4.014498675931312,147,14212,5.0
4.839029370544486,583,14213,5.0
5.0,359,14213,5.0
3.9139497095301974,876,14214,4.5
3.76839122151839,130,14214,4.0
4.057036336845951,1206,14218,4.0
3.344075833231843,1599,14218,3.0
3.169625350140056,3688,14218,4.0
3.7212960703224214,298,14218,2.5
3.3216262658909717,1980,14218,5.0
2.9526386236312705,2012,14218,2.0
3.8246675261013494,2015,14218,4.0
3.6836716751918157,717,14218,4.0
2.8010573778480117,5833,14218,3.0
4.0588517012743015,146,14218,5.0
3.8314079315936898,1739,14218,4.0
3.973625452706335,1876,14218,5.0
3.3777391276746713,2238,14218,3.5
4.137593771656393,1035,14220,3.5
2.634084876615385,5490,14220,3.0
3.3313063583781335,2226,14220,5.0
3.8273930838723516,2378,14220,3.0
3.2239641453277237,160,14220,4.0
3.349235677639332,1834,14224,3.0
2.359317620915146,3175,14225,1.0
2.3441407388523787,3064,14225,1.0
3.043800839066744,1839,14226,2.0
3.9584684259082445,1933,14226,1.0
3.7821493451358386,1581,14226,4.0
3.9760459463735214,298,14226,3.5
4.295521591224803,1272,14226,3.0
4.1204989832073435,2870,14226,5.0
3.1175439586922167,141,14226,3.0
2.5641791569479984,4519,14226,4.0
3.4820983095700972,2087,14226,3.0
2.960344081363663,2099,14226,3.0
3.833821859712765,323,14226,3.0
4.694617790429773,614,14228,4.0
4.468093175434318,1545,14229,4.0
4.26085655529554,54,14229,5.0
3.616169212678071,757,14229,3.0
3.284773615899745,1132,14229,5.0
3.621108897153213,710,14229,5.0
4.134576287468801,82,14229,5.0
3.8078416914835125,1023,14229,4.0
4.0808301356214,1165,14229,5.0
3.6953194088764025,3355,14230,4.0
3.7608250384608555,120,14231,4.0
4.259941519955515,13407,14231,3.0
4.635021892385311,205,14233,4.0
3.437370987706685,42,14234,4.0
3.372880844413613,1839,14235,2.5
3.374827658707954,851,14237,4.0
3.0259947787275254,346,14239,4.0
3.2424851385167393,579,14239,3.0
2.982204528944629,83,14239,3.0
2.82758114040129,367,14241,4.0
3.725732911566478,629,14243,3.5
3.044402777777778,984,14243,3.0
4.058011363636364,63,14243,3.5
4.046177822005996,1443,14243,3.5
4.145067474203914,10,14243,4.0
3.8048468629293843,2104,14243,3.0
3.809686680618146,5727,14243,3.0
3.1655010510146337,1739,14243,4.0
3.5582406274490173,2666,14243,4.0
3.4625454992329328,21623,14243,3.0
4.144266781242338,905,14243,2.5
3.04834602593193,4034,14243,4.0
3.570735539334752,2599,14243,3.5
4.374433595770381,694,14244,4.0
4.533054996084893,876,14244,4.5
3.631894896079978,763,14244,5.0
4.404231725916809,144,14244,3.5
4.061334311662732,2070,14244,4.5
3.8385096045467773,5772,14245,1.5
3.08039928316811,341,14247,2.0
3.174783893042138,74,14247,3.0
3.4512396091201922,10145,14247,2.0
2.4775987492070426,2875,14248,3.0
2.965920581956227,343,14248,3.0
4.422222409938694,354,14248,5.0
3.264012740917087,3092,14248,5.0
2.225769890514639,1244,14248,3.0
3.1025620790058985,640,14248,4.0
3.3643275950516007,1264,14248,2.0
2.841045186283898,1132,14248,3.0
2.9605346164793627,3705,14248,3.0
3.696104140399079,100,14248,2.0
4.508874707535894,354,14249,4.5
3.803008187014643,49,14249,4.0
4.034676502359429,348,14249,4.5
4.210589547647475,623,14249,4.5
4.089095416778344,127,14249,3.5
4.24514346738017,366,14249,4.5
4.120865913438546,986,14249,4.0
4.032010208381471,720,14249,3.5
4.132561491645081,377,14249,4.5
4.416208194457772,44,14252,4.0
1.8275403030795072,566,14253,3.5
1.9131329824589511,575,14253,0.5
0.981474055730365,1159,14253,3.0
1.1805442646975992,4657,14253,0.5
0.8699428259615696,1586,14253,0.5
1.5524384627155698,2407,14253,0.5
1.6255839383657893,79,14253,3.0
2.2747032558674602,6,14253,0.5
1.6764835044859439,1628,14253,2.0
1.7047606375695783,335,14253,0.5
1.565660993663433,1740,14253,0.5
1.2527764245209922,17995,14253,0.5
1.7982921750237126,4809,14253,3.5
1.8553540682616934,380,14253,0.5
1.2210212150125592,13055,14253,0.5
2.1403358835469226,12,14253,3.5
2.0763149039890827,832,14253,0.5
0.5492057912946464,8260,14253,1.5
1.671930907340231,3997,14253,3.0
1.9414375002977928,2915,14253,2.5
1.5236660713639916,500,14253,3.0
1.510734317398521,169,14253,0.5
2.5516875486521133,15560,14253,4.5
1.573643000492634,4213,14253,4.0
1.1009861145861248,4237,14253,4.0
2.4230561304291607,2499,14253,0.5
1.8839211160101397,860,14253,0.5
1.3986931217787344,10841,14253,0.5
1.7824209584350001,21652,14253,0.5
1.1871745194755634,8222,14253,0.5
1.3291308795034156,9399,14253,0.5
1.7180693483096396,26,14253,4.0
0.7357854157230077,4497,14253,3.0
2.0692809461603026,6383,14253,3.5
1.699494607666113,5185,14253,2.0
1.5832150979325532,7833,14253,0.5
3.83719526659458,1847,14254,3.5
3.9916205453891873,98,14254,1.0
4.148473251544667,273,14254,4.0
3.283100570181956,1754,14254,0.5
4.247824865845862,826,14254,5.0
4.057006612595879,1768,14254,4.5
3.36044736708103,535,14256,3.0
3.3892724540311177,140,14256,4.0
2.9735982222171797,1188,14256,4.0
3.242798327667285,1199,14256,3.0
3.1621196762533397,660,14256,4.0
3.5538456724793357,364,14256,3.5
2.8332228119520635,1557,14256,2.5
3.4252903413635196,3114,14256,3.5
3.9840354728750187,787,14256,3.0
3.4858488087109203,1671,14256,4.0
2.8993835077171193,2183,14256,2.0
3.835947811921309,1052,14256,1.5
3.9274264976998667,16,14256,3.0
3.1290393000965153,8312,14256,2.5
2.7985374840305504,12867,14256,4.0
3.5554299965600276,2706,14259,3.5
3.7216464619785303,1005,14259,3.5
3.7105532212885155,54,14259,4.0
3.9169577825550457,1246,14259,4.0
3.3134131805300537,1393,14259,3.0
4.012446873364393,3289,14259,3.5
3.9324312853976764,2365,14259,4.0
4.252624389499389,1175,14261,4.0
3.0734364208203218,1829,14261,0.5
3.1704154995331466,353,14261,3.0
3.196847041847042,49,14261,3.5
4.060715395715396,53,14261,3.5
3.2680351290076146,201,14261,3.0
3.7350703218350274,365,14261,4.0
2.8341624076406684,55,14261,3.0
3.4133425837447575,897,14261,3.5
3.812119460916401,2762,14261,3.5
3.7842609974742114,472,14261,3.5
3.707553674207387,7534,14261,4.5
4.841861859736498,8,14262,5.0
2.588838128163971,534,14265,3.0
2.9322935616194044,578,14265,4.5
3.28804757693094,3999,14265,3.0
1.927359676060519,195,14265,3.0
1.8242166385424814,1244,14265,0.5
2.1309858415616842,60,14265,1.5
3.009912609238452,63,14265,4.5
2.425706260032103,646,14265,2.5
2.0063429552082717,3710,14265,0.5
3.212822197107994,2547,14265,0.5
3.5055353198611625,2491,14265,4.0
3.4353608310372934,708,14265,2.0
2.8891322930633994,79,14265,3.0
2.5632199962958393,130,14265,2.5
2.483722133047976,2014,14265,1.0
2.297725892446472,1391,14265,2.0
3.0353263207946597,784,14265,3.5
1.6032347243705272,1540,14265,0.5
2.8057434096437204,3799,14265,4.5
1.8824617911687227,9703,14265,3.5
2.660908059304158,6153,14265,3.0
2.842236617542528,5780,14265,0.5
0.8205806666063787,4039,14265,0.5
2.861544252449043,14,14265,2.5
2.588992344892644,1865,14266,4.0
2.166872314185919,2122,14266,2.5
1.6853615472295562,2132,14266,1.0
1.1116072427081929,3915,14266,1.0
2.4528769345180654,3051,14266,3.0
1.915994966991588,1770,14266,1.0
1.1012916816759084,934,14266,1.0
1.529708479420248,6485,14266,4.0
2.7740819272575057,2516,14267,4.5
3.4329485068072025,343,14268,2.5
2.916380853828946,1926,14268,1.5
3.799618775938469,614,14268,3.5
3.2932686588773548,645,14268,3.5
2.8399127925214884,76,14268,2.5
3.2924588228306764,1482,14268,4.0
3.689979082225936,1518,14268,3.5
4.394441526610644,353,14270,5.0
4.226683802308802,140,14270,5.0
3.7195238788988787,958,14270,4.0
3.96426072701808,41,14270,4.0
3.334937452253629,300,14270,4.0
3.6310844017094017,679,14270,4.5
4.264474574917687,1381,14270,3.5
4.014821589931285,2147,14270,4.5
4.199983455945792,7912,14270,3.5
4.309005278328965,815,14270,3.5
3.9888409936529015,502,14270,3.0
4.358156819229286,4610,14270,3.5
3.4270212022863835,2163,14271,4.5
3.6995110204025377,2696,14274,4.0
3.2418352655634335,8699,14275,4.5
3.470918438549797,185,14276,3.0
3.1937857672994787,357,14276,4.0
2.8831063558601233,3542,14276,3.0
3.066263910071739,1220,14276,3.0
2.9784260863457575,610,14276,3.0
3.588306658989488,1710,14276,4.0
2.8851920326028027,1764,14276,3.0
3.2566084551542196,2717,14276,3.0
2.7547521579349867,2985,14276,2.0
3.5438636385596256,710,14276,3.0
3.8399127835996447,3510,14276,3.5
3.357640588948418,1482,14276,3.0
3.3874647843608487,98,14276,3.5
2.9356617705531907,103,14276,3.0
3.3400533039757176,49,14277,4.5
4.387922488431109,615,14277,4.0
3.576765024191495,1292,14277,4.0
3.029774053560818,1586,14277,4.0
3.5380956397403764,234,14277,4.0
3.7643183753381124,1667,14277,4.5
2.99740128845107,4547,14277,3.5
4.3764021298174445,333,14277,4.5
3.966174669299297,802,14277,4.0
3.629925546983072,1758,14277,3.0
2.88324897431837,1880,14280,2.5
3.147829725914424,3681,14281,4.0
4.063352073135882,8,14282,4.5
3.35167703586982,1501,14282,2.0
2.186160821490305,187,14285,4.0
3.4526516779876557,1654,14285,5.0
4.110624211223295,568,14285,5.0
3.4668676481569376,738,14285,5.0
4.116078719630061,0,14288,5.0
3.349130322169098,1180,14289,4.0
3.4640282402189397,566,14289,3.0
3.8488760892544738,1377,14289,3.0
4.191947246654678,479,14289,4.5
3.6503467266144924,6287,14290,3.0
3.1233503996003997,1775,14291,2.0
3.5048163988788987,185,14291,4.0
3.2659067280758456,1554,14291,4.0
3.089725218281593,565,14291,4.0
3.5273409296242115,1200,14291,2.0
2.01385545010545,193,14291,3.0
3.210301952949012,290,14291,4.0
3.173368574150308,600,14291,3.0
3.639758055953708,983,14291,3.0
3.53700461088619,615,14291,4.0
3.8061516261516264,636,14291,3.0
2.281449969979795,2961,14291,1.0
2.836327031396423,3457,14291,3.0
2.526970603115527,3257,14291,3.0
1.8839915966386556,1586,14291,3.0
3.0241723222429746,683,14291,3.0
2.732537938252224,2669,14291,1.0
3.5063066957552254,1379,14291,3.0
3.4228140594302707,6437,14291,3.0
4.101436077468724,355,14294,3.0
4.068977323733054,2259,14294,5.0
3.7901109604138616,59,14294,3.0
3.918379206321925,744,14294,3.0
3.8111570660161993,302,14294,2.0
3.7045646678868893,253,14294,2.0
3.4302852730450155,2063,14294,5.0
3.3623432709812335,185,14299,4.0
3.186939319205943,177,14299,3.0
3.405995947810433,756,14301,4.0
3.8040320157680303,9,14301,4.0
3.578514470256006,146,14301,2.0
3.633968341407392,2080,14301,3.0
4.088369540198157,992,14304,3.0
3.616019728710914,694,14304,3.0
4.5133231280761965,744,14305,5.0
3.7409633846979173,54,14307,5.0
4.120358854511759,361,14307,4.0
3.7303634158239425,688,14307,3.0
3.850303304754072,1341,14307,3.0
3.812463989212199,1412,14307,3.0
3.949296440236891,1700,14308,5.0
3.164932523284796,2851,14308,4.0
3.9322314049586775,346,14308,4.0
3.762667912895185,1208,14308,4.0
3.454642882370155,610,14308,4.0
3.823241020343293,2506,14308,3.5
4.129565334144387,1560,14308,5.0
3.481929745833489,135,14308,4.0
3.5807860022361853,2047,14308,3.0
3.575686075288348,884,14308,4.0
3.3913811778767142,6897,14308,3.0
3.5750558903246716,310,14308,3.0
3.9609834839780813,4543,14308,4.5
2.900365906685708,3168,14308,3.0
3.572562138285605,2134,14308,3.0
3.420106328316302,2149,14308,3.5
3.044093273038805,12520,14308,3.0
3.8945796234495926,643,14309,4.0
2.7276325729653905,76,14309,3.0
4.6942739748735915,419,14310,4.0
4.41939553343757,853,14310,5.0
3.9948204540774714,925,14310,4.0
4.060145422058566,11895,14310,4.0
4.558809026779279,1109,14310,4.0
4.107109680374051,955,14310,4.5
4.230190759731717,13386,14310,5.0
4.540970512111645,57,14312,4.0
4.336003064614757,2305,14312,3.0
4.105211227012397,59,14313,4.0
2.8051290755403206,1712,14313,3.0
3.863245358766899,5,14313,4.0
4.212607459885479,338,14313,3.0
3.6312303754626516,2176,14313,3.0
3.2649107850588726,1754,14313,3.5
4.88500588888926,5275,14314,3.0
4.760063175527149,4913,14314,4.0
3.8001637175947605,1707,14314,4.5
3.4060261563873557,359,14314,4.0
4.409987503851559,606,14314,4.0
4.558144514537101,4722,14314,5.0
4.1280108096651125,2538,14314,5.0
4.1293880272188,361,14314,3.0
3.877012584464101,4678,14314,0.5
4.551924682149732,7290,14314,5.0
4.392175492204795,330,14314,4.0
4.355692028650445,5485,14314,4.5
5.0,10024,14314,5.0
4.933711538710453,11498,14314,5.0
4.424547787995083,2197,14314,2.5
5.0,11018,14314,5.0
3.333401470533091,6892,14315,3.0
3.2770877307353206,982,14319,5.0
2.7954829995239203,1654,14320,2.0
3.1309759933721772,558,14320,3.5
2.694457379778704,3497,14320,2.0
3.505226017943409,3962,14320,2.5
2.5173266980279605,1007,14320,0.5
2.869907974059189,677,14320,4.0
3.0385676580284704,1321,14320,2.0
2.858780226621541,708,14320,4.5
2.846004639906242,1469,14320,3.0
3.7123451506733383,5609,14320,3.5
3.4248898007748867,100,14320,3.0
3.462879534745942,1037,14320,4.5
3.3626684547336723,334,14320,3.5
2.1597152978751533,4014,14320,2.5
3.170975025255949,1047,14320,2.0
3.2386955168540847,1049,14320,1.5
3.3241849348435024,2197,14320,2.5
3.102981927921231,10987,14320,2.0
2.8323966799976907,2225,14320,2.5
3.4740588006577706,414,14320,4.5
3.228621950264001,9719,14320,3.0
3.1481000931519842,2727,14320,3.0
3.3782883640939905,13,14320,0.5
3.5435873094297006,492,14320,2.5
3.7575172546135156,168,14320,3.5
3.663572031774067,1068,14320,3.5
2.997120321034241,6604,14320,2.5
3.3574130670054583,915,14320,3.0
3.4446888713029016,3189,14320,4.5
3.202481017441078,2857,14320,4.0
2.988786351482064,341,14321,3.0
3.6940147811060586,1548,14321,4.0
4.644623941046817,34,14323,4.5
3.896522904679684,115,14323,4.5
4.427400632024803,350,14323,4.0
3.893371749200865,1228,14323,4.0
3.213148331137462,1545,14324,5.0
3.558695105269762,1594,14324,4.0
3.253292631064958,3194,14324,2.0
4.116228706644309,140,14324,5.0
2.590258877956394,1924,14324,3.0
3.743015596225315,747,14324,5.0
4.0643385969648245,2683,14324,4.0
2.6379033816425124,2078,14324,4.0
4.283011510131866,578,14326,3.0
3.0630284542210404,3078,14327,4.0
3.2285897755551307,1663,14327,2.0
3.109922004734064,552,14329,2.5
3.453694637394204,614,14329,4.0
3.827130614815476,1229,14329,4.0
2.1266360017421815,3744,14329,4.5
2.746635340198171,3971,14329,3.0
2.5642403300915997,3390,14329,2.0
3.3219934026222777,2997,14329,3.5
1.765729113429792,2178,14329,3.5
2.6150532639658204,4506,14329,3.0
2.393945040585784,1680,14329,3.0
2.2933836937851537,4065,14329,1.0
3.1846247257222724,3402,14329,4.0
3.912304647624069,3630,14329,3.0
3.3492458130961373,3585,14329,4.0
3.140982638892564,2922,14329,4.0
4.367221834422446,336,14330,4.0
3.866909143723805,1057,14330,5.0
3.8852859837920253,500,14330,4.0
3.0745842394834257,663,14333,4.0
3.1289130020306493,93,14333,4.0
1.7035346221878263,299,14335,1.0
2.7253245315243437,351,14337,4.0
5.0,538,14338,4.5
4.0273779477370795,4573,14338,4.0
4.936882604913063,3400,14338,4.0
4.852829101176714,520,14338,4.5
4.429473724289581,3376,14338,4.5
4.129749208118773,1648,14338,4.0
4.845060316465976,6755,14338,5.0
2.5807991640977592,341,14341,1.0
4.278649732620321,537,14342,4.0
3.872340252514569,1547,14342,3.0
4.068055434498388,342,14342,3.0
4.131673386303984,637,14342,4.0
4.044322735022863,119,14345,5.0
2.848306568786832,2953,14345,2.0
3.5662002761774154,312,14345,4.0
4.43898088103612,579,14346,4.0
2.6893006927967864,136,14347,3.0
2.425531684027778,342,14347,3.5
2.8522122257083193,562,14347,2.5
2.7111038895999835,1776,14347,1.0
2.483840597336691,738,14347,3.0
2.6020296999007937,3543,14347,3.0
2.441282581319622,3096,14347,4.5
2.329838072084166,1241,14347,3.0
3.072021013411844,753,14347,4.0
3.002811140682234,674,14347,3.0
2.4040088469614624,1355,14347,4.0
2.3205898224660766,5321,14347,0.5
2.599289853962418,373,14347,3.0
2.7020220281917084,4573,14347,2.5
2.2392377852732626,2128,14347,3.0
3.146609904092029,2180,14347,1.5
2.7574004053720857,5380,14347,1.5
2.6569348431404434,3396,14347,2.5
1.9401032639028912,7152,14347,3.5
2.6933100543127892,2243,14347,0.5
3.0172232207559957,844,14347,0.5
2.4352273439604657,8306,14347,0.5
2.4758765148050537,934,14347,3.0
3.3599285020896184,1641,14347,4.5
0.9762132443415449,9451,14347,0.5
2.978624750549211,28,14348,4.0
4.023457399978635,139,14348,4.0
3.4045496589741195,49,14348,2.5
3.1848217657303595,2539,14348,3.0
3.431712990811364,753,14348,3.5
3.75514194956641,5,14348,3.5
3.329939461165392,1341,14348,3.5
2.6399227172883544,2065,14348,3.5
3.531373679015587,897,14348,4.0
3.461434437672845,4042,14348,2.0
3.6748002243912232,2729,14348,3.0
2.7718832664550197,5170,14349,1.0
4.595008335891157,838,14351,3.5
2.9760533216783216,352,14354,2.5
2.6388446969696973,345,14354,2.5
2.679236111111111,121,14354,4.0
3.1304297295841415,633,14354,3.5
3.65446158008658,366,14354,3.5
2.1299916056166057,2027,14354,2.0
2.6975752801120447,720,14354,2.0
2.932359237984238,3121,14354,3.0
2.9683241758241756,1447,14354,2.5
3.040447261072261,2122,14354,2.5
3.467571297156594,1738,14354,2.5
3.1107044997486173,155,14354,4.0
3.0889391452855737,10885,14354,2.0
3.262330926152365,7943,14354,3.0
3.4376036953242837,12,14354,4.5
2.6621063185141844,11944,14354,2.0
3.4545310858318836,4040,14354,3.5
3.3885728191816864,1815,14354,2.5
3.5259129161673646,2782,14354,2.5
4.218003989983095,579,14355,3.0
3.6827827062509444,599,14355,2.5
3.4964173204075197,694,14355,4.0
3.0883217946676047,79,14355,2.5
3.6573163254282464,1741,14355,4.0
4.073520017214222,339,14355,3.5
2.8131994565102456,2683,14358,3.0
3.1907275715038805,7,14358,3.0
2.9568151604142985,216,14359,3.5
4.348654592728919,3736,14359,4.5
3.751300355774494,145,14359,3.5
3.9538850118591498,374,14359,3.5
2.54103730735632,735,14360,3.5
2.9409327539431334,138,14367,1.5
3.379693318686175,996,14369,5.0
3.32064467547807,915,14369,4.0
4.045801216757996,2282,14370,2.0
3.540670375026084,2308,14370,3.0
3.986016005086245,1195,14371,3.0
3.8514102237739096,2487,14371,4.0
3.2348448470802103,29,14372,4.0
4.847464436545706,738,14373,4.5
3.7422786549804585,719,14374,5.0
3.596800442947663,1406,14374,3.0
3.4895976515802,720,14376,3.5
3.9551310719259867,382,14378,3.5
3.9374385938468106,1800,14378,3.5
2.7009299478949043,1829,14380,3.0
2.38683195970696,2691,14380,3.0
3.375406579237154,353,14380,3.0
3.587652198085666,1911,14380,2.0
3.276861387568939,3538,14380,3.0
3.8080044680637015,2251,14383,5.0
3.8138922395035477,6097,14383,4.0
3.764949504902496,740,14383,3.5
4.020411659300284,2346,14383,4.0
2.907335763804884,210,14383,2.0
3.6758684169029805,649,14383,3.5
3.8562228142202786,10305,14383,4.0
2.711275351487749,6890,14383,2.5
3.897733992323632,2418,14383,4.0
4.204475250161658,4603,14383,4.5
4.312058941528061,1029,14383,4.5
4.082595708244417,3817,14383,4.5
4.038391451779492,323,14383,3.0
3.809410811306402,2320,14383,3.5
4.188747430569492,1741,14383,4.5
4.152645811600226,339,14383,4.0
4.302203789690012,6968,14383,5.0
4.526756415599436,6352,14383,4.0
4.136637330221014,9897,14383,2.5
4.688615585325424,6168,14383,4.5
3.643004600414897,2244,14383,4.5
5.0,816,14385,5.0
5.0,414,14385,5.0
5.0,180,14385,2.0
2.2507573061479547,140,14387,4.5
2.454666327999007,21737,14387,1.0
3.6787530925623715,120,14388,3.5
4.1166662832719325,1671,14388,5.0
3.457920433039494,3392,14388,4.5
3.606375428904164,4129,14388,0.5
3.641541231996515,2822,14388,1.0
3.5680313330376348,6382,14388,2.0
3.8756441862501068,1222,14391,5.0
4.443109540415106,675,14391,4.0
3.9251968064078104,3137,14391,5.0
3.742669039813534,1706,14399,5.0
4.3660666482682355,2978,14399,4.0
3.2915525985571796,1366,14400,4.5
2.5954849501691353,1424,14400,3.0
2.4975954308214785,1862,14400,3.0
2.761311708033244,149,14400,1.0
3.4713484457659396,2164,14400,4.0
2.5565240653090138,2238,14400,3.0
3.6221560727553155,18,14400,2.0
3.2076163256724723,1077,14400,4.0
3.410363344179413,928,14400,3.0
3.3331199852976825,4612,14400,3.0
3.0082552409470136,15537,14400,3.0
3.0941651303395226,4719,14400,2.0
3.1824606605246526,9469,14400,2.5
3.0008720238853708,15566,14400,3.5
3.5203266941758558,139,14401,4.0
3.6715002036850777,615,14401,4.5
4.228946815145471,44,14401,4.0
3.57512078012078,876,14401,3.5
3.8419821184821186,417,14401,4.0
3.7950589555784564,456,14401,3.5
3.8209755697527434,3177,14401,3.5
3.8366083449991017,2830,14401,3.0
3.1921173107744405,1721,14403,3.5
4.306409094273973,854,14403,2.5
3.4766686772326487,1930,14404,4.0
3.8092414821505622,1942,14404,5.0
3.035288682950605,1946,14404,5.0
2.6263156276676507,2971,14404,4.0
3.813976137806447,1938,14406,2.0
3.3677132050870515,365,14406,4.0
3.8304784765968978,772,14406,5.0
4.495607444198994,347,14410,4.0
4.09068126471399,2054,14410,4.0
4.895877774555136,107,14410,4.5
5.0,156,14410,5.0
3.6539770268070515,537,14414,3.0
2.928356946055479,33,14414,4.0
2.3142626239985984,2855,14414,3.0
3.0383883223583927,1838,14416,3.0
3.404096600918562,12787,14416,3.5
3.8962661675524144,1246,14416,5.0
3.1396421379872086,300,14416,4.5
3.367944946290017,2542,14416,3.0
3.4665530048980755,1262,14416,3.0
2.4339790585178642,7104,14416,4.0
3.6554128950079656,75,14416,4.0
3.568448103263762,2468,14416,3.0
3.619929151702311,11155,14416,4.0
3.5833554734975532,6372,14416,4.0
3.900577212594296,12430,14416,3.5
3.344721400609513,1055,14416,4.5
3.5069182025542993,5647,14416,2.0
3.9298367080182945,6075,14416,4.0
2.638721221699844,39,14417,5.0
4.338229899419158,583,14419,4.0
4.071727437322403,637,14419,4.0
4.246738471954721,7,14419,5.0
2.1763280588101583,1131,14425,0.5
2.3681076730204498,197,14425,3.5
3.7221849197694783,120,14425,4.0
3.062543781941516,643,14425,3.5
2.9211405311790983,2128,14425,3.5
3.657732680164001,1167,14427,3.0
3.882682484715209,115,14427,3.0
2.5706948127887954,1299,14429,4.0
3.4511135194268316,1778,14433,5.0
2.2046021926775055,343,14434,4.0
5.0,169,14435,5.0
4.406706808609969,1126,14435,5.0
4.24276751177863,850,14436,4.0
2.0590998940756,1898,14438,4.0
3.265530496829375,1547,14438,4.0
2.9107075332075336,34,14438,4.0
3.3823997781432715,3577,14438,3.0
3.058893154303745,3225,14438,4.0
3.0198292922711776,150,14439,4.5
5.0,951,14440,5.0
5.0,578,14441,5.0
4.7838022082636265,154,14441,5.0
5.0,183,14443,5.0
2.888871453961477,2542,14444,1.5
4.28220355610472,10,14445,4.0
4.3814995246526065,150,14445,3.0
4.390053565849014,525,14445,4.0
4.130218193238922,1645,14445,3.5
3.6574382984261327,947,14445,4.0
4.707032030282613,350,14446,4.0
1.8498643265902768,3192,14446,3.0
3.9066791274613957,2153,14446,3.0
4.348875726739835,915,14446,3.5
4.210244640948353,5898,14446,4.5
3.428584495851487,2516,14449,3.0
2.0603979729632647,1783,14450,0.5
2.3109512104705523,110,14450,0.5
2.922274923156463,1683,14450,0.5
3.430950978450978,341,14456,1.0
2.4323604543604542,545,14456,1.0
3.7388789206277444,3561,14456,3.0
3.489890997257016,687,14456,5.0
2.9574371732498665,1360,14456,4.0
2.4996693388157882,2986,14456,4.0
3.9757146727541466,91,14456,4.0
1.6672956670646046,367,14457,3.0
3.0493619408813917,2669,14458,3.0
3.7954773099356203,241,14458,2.0
4.167465067272692,1000,14459,4.0
3.9073952021526996,756,14461,3.0
4.118921494140675,69,14461,2.0
3.380693130103453,1725,14461,1.0
3.3753968833134618,57,14464,1.0
3.9098610631640285,42,14466,4.0
3.713509851636761,378,14467,4.5
4.270326770643298,833,14467,4.0
3.6257973704519983,4473,14467,1.5
5.0,120,14469,4.0
5.0,354,14470,4.0
4.046745464911167,2226,14471,4.0
4.680926764082935,1942,14472,5.0
4.2903688493531265,115,14473,5.0
3.2311906568153397,756,14474,2.5
3.5950192030275847,1153,14475,3.5
3.9256199417902287,766,14475,4.5
3.7177982175938213,355,14476,3.0
3.0209721928741846,2342,14476,3.0
3.714021221027449,1518,14477,1.0
3.4492113136852085,571,14478,4.0
3.1094654359827314,689,14478,1.0
3.0477277158072633,77,14480,3.0
3.4063245576416468,98,14480,3.0
4.202597365198313,34,14482,5.0
4.311709150641666,349,14484,3.0
3.193528145060041,840,14486,4.5
3.187375330327737,612,14489,1.0
4.698453489711482,719,14489,5.0
3.9343359151675585,56,14489,3.0
3.1102179305292275,2478,14489,4.0
3.7717734715432263,676,14490,4.0
4.459481177135068,3045,14490,2.0
3.7562625517025414,518,14491,3.0
3.650090962503437,17215,14491,3.5
4.011944377316386,5674,14491,4.0
4.135143652133152,2923,14491,4.0
4.163197412207844,173,14491,4.0
4.095718168825756,183,14492,5.0
3.3047017918131,1916,14493,3.0
2.9204563185680947,1917,14493,2.0
3.580239649603481,2621,14493,4.0
2.621696126726553,2451,14493,4.0
1.72486198864068,1239,14493,1.0
3.8735503128896887,1698,14495,5.0
4.386038064907492,744,14495,4.0
4.376362022292155,9747,14495,3.0
3.296589423648247,342,14498,3.0
4.032830086580087,191,14498,3.0
4.093901515151515,589,14498,3.0
4.2158608110156095,1707,14498,3.0
3.328887273249926,3335,14498,3.0
3.7727214452214453,660,14498,4.0
3.985305576776165,1260,14498,4.0
3.529397546897547,1271,14498,4.0
3.481711389101095,2870,14498,2.0
3.530988349885409,2983,14498,3.0
3.8415512265512266,76,14498,2.0
3.4725608030592086,2430,14498,4.0
2.9654327494401027,1862,14498,3.0
2.4576507520257524,2968,14498,4.0
3.666154049768601,1741,14498,4.5
3.8440749675734196,380,14498,5.0
3.5970608097192076,1548,14499,5.0
4.063847457863911,1361,14500,2.0
3.5316348192150873,3022,14500,4.0
1.6316613435019343,1312,14502,4.0
4.154832665692936,8,14502,4.0
3.5893275160873728,762,14503,5.0
4.39965303479546,1209,14504,3.0
3.3018087167070216,3230,14505,2.0
4.247655857620928,1555,14505,3.0
4.077557570295201,3648,14505,4.0
3.9932931832208998,1373,14505,2.0
2.3188030946506157,1377,14505,3.0
3.3937130609008395,1403,14505,3.0
4.042321359748735,772,14505,4.0
3.86461832014706,3308,14505,3.0
4.032076634858335,1168,14506,5.0
4.545965354835629,2945,14506,5.0
4.932012419954905,1181,14506,5.0
3.6011195759118433,344,14506,3.0
3.8490196435215784,49,14506,5.0
3.9703766285454165,1219,14506,5.0
3.883885604509702,641,14506,5.0
4.411418380964821,86,14506,5.0
4.685046561704642,140,14507,5.0
3.955148885194174,8447,14507,4.0
3.914533849546365,1658,14510,2.5
4.286949727067576,744,14510,4.0
3.6429227582846,201,14510,4.0
3.986578765597148,631,14510,3.5
4.107218185550082,1297,14510,4.0
4.214136080388203,887,14510,5.0
4.244976457799046,2627,14510,3.5
4.127998671473071,4431,14510,4.0
4.946214038514965,4767,14510,4.0
4.329738455988456,160,14510,4.0
3.146685751647457,218,14512,5.0
2.7634412416356136,2950,14512,2.0
2.074698615050814,129,14512,4.0
2.735176597560643,1358,14512,1.0
3.15365322273074,2858,14513,2.0
2.7156490683229815,1548,14513,4.0
2.608907004830918,3556,14513,2.0
2.9852899255965006,1631,14513,3.0
3.280938801432617,366,14513,3.0
3.1441444063183193,1715,14513,4.0
2.5663318673685254,3769,14513,3.0
3.6578034547152196,1936,14514,3.5
3.9667507002801123,54,14514,5.0
3.6601581949182567,1242,14514,4.5
2.894088121141874,5570,14514,3.0
3.6622062038838354,1364,14514,1.5
3.344926111470229,82,14514,5.0
4.249249776723995,349,14516,3.0
3.3696711729930335,29,14517,3.0
3.4000761360502167,2837,14517,5.0
3.154111797589738,742,14517,4.0
3.1985716200328405,89,14520,3.0
3.723188865065775,348,14524,5.0
4.022843069169429,124,14524,3.0
3.181453823953824,1153,14525,2.0
3.575568059391589,51,14525,5.0
3.0660359738300915,299,14525,3.5
1.7005451804354519,129,14525,0.5
2.84658692185008,695,14525,4.0
3.425417378673958,12,14525,4.5
3.529643263838571,458,14525,5.0
2.8145371647528528,1470,14528,3.0
3.0354197407405894,2462,14528,4.0
3.458730011978138,1981,14529,4.0
2.999879996543503,1720,14529,3.0
3.9226185099249857,1448,14531,5.0
4.351471691022825,660,14532,4.0
1.9360424106606988,341,14533,1.0
2.802911920124692,572,14533,3.0
3.745389025067405,275,14534,4.0
3.2153607356802367,915,14534,4.0
4.021781953589206,23,14534,4.0
3.3302818360690294,5294,14534,4.0
2.9174356999468785,1654,14536,2.0
3.3848332894690007,2716,14536,3.0
3.506341525857655,1948,14536,3.0
4.566945517580352,876,14538,4.0
3.675137896454248,29,14539,5.0
3.1024250136573475,57,14539,2.0
4.895148931030035,8,14540,5.0
5.0,10789,14540,5.0
5.0,719,14541,4.0
4.904779052755757,836,14541,4.0
5.0,913,14541,5.0
4.3158620165237815,171,14541,4.0
3.9872002909982456,488,14543,3.5
3.248712680931474,2124,14547,3.0
3.372306468805205,94,14548,3.0
3.39371904221973,101,14548,4.0
3.3897755136467542,354,14549,4.0
2.279655479757591,1834,14549,3.0
4.449055247660246,1186,14551,5.0
3.2293010537246167,1711,14552,4.0
3.9874786812640344,183,14554,4.0
3.0343031093716024,1242,14556,3.0
4.316891893675431,380,14558,5.0
4.132359161220717,181,14558,4.5
3.5009741640393077,1204,14561,2.5
4.0079929212256316,683,14561,4.0
3.11357947413651,2695,14562,2.0
3.910151267356392,358,14562,5.0
2.769215943868459,2656,14563,2.0
3.49690031628171,29,14564,5.0
3.0487974123714507,993,14564,3.0
3.2157650004868676,41,14564,4.0
3.4437288256189107,1754,14565,2.5
3.9627198650334226,3396,14565,3.5
4.2053389391246965,115,14566,4.5
2.256963386829569,989,14569,3.5
2.438496451414787,1715,14569,3.0
2.8173505054195593,1333,14569,2.5
2.9290516477118453,2596,14569,3.0
3.1854309237888696,2917,14569,4.0
2.9165020814875007,944,14569,3.5
2.3521937543133196,181,14569,5.0
1.7963176536736132,39,14570,4.0
3.8518041073909903,1232,14572,4.0
3.444883168260208,216,14572,3.0
3.5152656591420897,2100,14572,3.5
3.371388244219735,5643,14572,2.0
3.3564640242687296,170,14572,4.0
4.1200527951190615,351,14573,3.0
4.046235383038015,616,14579,4.0
3.773660649135484,617,14579,4.0
3.6865468763262883,620,14579,4.5
3.0818556937175914,2097,14579,3.5
3.8164662004662007,154,14579,3.5
3.9950049982697045,2828,14579,3.5
3.9249398763928918,2253,14580,4.0
3.908897395732922,1183,14580,4.0
3.5257015017382165,2506,14580,3.5
4.334368819346755,6430,14580,4.5
4.411285900479449,323,14580,3.0
4.0211075751117304,537,14581,5.0
3.749834504489438,348,14581,2.0
4.031633019810676,29,14584,5.0
4.446940150963306,867,14585,3.5
3.9440132013606233,4431,14585,3.5
3.0698423105286774,25,14587,4.5
4.085593475824797,728,14588,4.5
3.617803955646372,455,14588,3.0
4.69535909026236,867,14589,3.0
4.345328290739114,54,14589,5.0
4.585603590956355,1416,14589,4.0
4.793334739177181,1740,14589,5.0
4.0156379766248875,175,14589,4.0
4.502015370225099,4709,14589,5.0
2.9848733591770316,958,14591,2.5
3.440650321900322,2254,14591,2.0
2.9863798701298703,2268,14591,3.0
2.7306785575535577,2646,14591,3.5
2.862162841207459,9021,14591,2.5
3.0254442077588037,4421,14591,3.5
2.5761559115989976,15802,14591,3.5
3.0375482787991155,472,14591,3.5
3.6385647970810333,15810,14591,2.5
3.515470549038379,1203,14593,4.0
4.396774558436492,333,14594,5.0
4.346601251532484,1882,14594,4.0
4.008900289812252,2887,14594,1.5
2.701865550341127,11113,14594,2.5
4.028542580946348,171,14594,5.0
3.4096785657266437,865,14596,3.0
3.9723292263292262,286,14597,4.0
3.6084403374403373,348,14597,4.0
3.7590973928032754,39,14597,3.0
4.32294613424267,3329,14597,5.0
4.244067917376741,298,14597,3.5
3.679425918036212,1275,14597,3.0
3.7843353964043622,1373,14597,4.0
4.588902045666751,2816,14597,5.0
4.115788784181843,2195,14597,4.0
3.808739572861662,2725,14597,5.0
4.111448592257416,840,14597,4.0
4.087825296506563,1772,14597,3.5
3.4319327086741946,578,14599,5.0
2.2952336389101093,3498,14599,4.0
3.435970354218638,1033,14599,4.0
3.793552157686162,623,14601,3.5
3.7713093008964726,1671,14601,4.5
3.929187787469199,338,14601,3.5
3.360876886889992,802,14601,3.5
3.713714261261185,808,14601,3.5
3.79566964805083,1673,14601,3.5
3.0557289516146913,525,14601,3.5
3.431582883881639,1089,14601,3.5
3.406999900922484,940,14601,3.5
3.2889455501233935,1102,14601,4.0
3.214362807025915,1108,14601,3.0
3.0365716943327836,952,14601,3.5
3.4730729166666667,1109,14601,3.5
3.7808556547619045,2380,14601,3.5
3.675333031195024,2943,14601,4.5
4.4024442782042,6,14602,5.0
4.203171056633541,520,14602,3.5
2.815019604187789,341,14603,3.5
3.767389207535187,751,14603,5.0
3.038719991524152,1987,14603,5.0
4.372883079836515,142,14603,1.0
2.8837662904372743,3597,14603,4.5
3.359548906187606,6047,14603,3.5
2.4786511801354805,2888,14603,4.5
3.5994303268471906,8508,14603,4.0
4.018596211547805,493,14603,4.0
3.4388733203861688,851,14603,0.5
3.4894176489136886,37,14604,3.5
3.9420754492166736,44,14607,3.0
3.1879895066758315,3567,14607,3.0
3.4867876111504144,3245,14608,3.0
2.2961703581312336,2858,14609,4.0
3.1530097377388047,1631,14609,4.0
4.007270021645022,694,14609,3.0
3.5401801639091364,1160,14609,4.0
3.8160429409257244,1465,14609,4.0
4.152560097360627,3625,14611,3.5
4.032766332908513,708,14611,4.0
3.5134682435494713,2312,14611,2.0
3.855395010495975,10,14611,3.0
3.7994701802093025,1682,14611,4.5
3.796431181293739,1637,14611,1.0
4.588223690244327,997,14612,4.0
3.9647738315324523,359,14612,2.5
3.5730944461234637,3240,14612,4.5
3.687074585257948,1343,14612,2.5
4.25896222456594,598,14613,4.0
4.004241233420363,62,14613,2.0
4.533367761409557,4981,14613,5.0
3.774720156097036,2087,14613,1.0
1.7817955619297594,6314,14614,3.0
4.447571862668327,607,14615,4.0
3.43581459697828,57,14616,3.0
2.1464260150753955,2851,14616,3.0
3.0975886652906777,1157,14616,2.0
3.3745999343816133,629,14616,1.0
2.68400778596857,2741,14616,3.0
2.9093231697259827,708,14616,2.0
2.465763476122156,1366,14616,4.0
1.6416169960687224,4985,14616,1.0
3.378513838943067,310,14616,1.0
3.185646237991486,136,14618,4.0
3.554227171766831,2859,14618,3.0
2.6403960382976566,908,14619,2.5
3.369302738230475,1185,14622,2.5
3.3262186116297614,1933,14622,2.5
2.4080133828527495,299,14622,4.5
3.053902562425887,3567,14622,2.5
3.598147799902549,1981,14622,3.5
2.9618767872035177,2027,14622,2.5
4.04746112089002,990,14628,5.0
4.154808939692824,300,14628,5.0
2.710556881162251,2985,14628,2.0
3.9195477552168185,707,14628,5.0
3.76989708134809,1021,14628,4.0
4.165603996136052,183,14629,4.0
4.006084646843684,1174,14629,3.0
3.9223825729513924,740,14629,4.0
3.8394093144847132,594,14629,4.0
4.080475521669342,1219,14629,4.0
2.8203248562667658,1223,14629,3.0
4.198768574185224,201,14629,5.0
4.592633663235378,752,14629,3.0
4.255430431830634,6059,14629,5.0
4.473269885028721,1273,14629,4.0
3.9145975454788657,678,14629,3.0
4.380983879052699,687,14629,5.0
4.378290333491506,2401,14629,5.0
3.9530711368384868,709,14629,5.0
2.718353412664397,187,14630,1.0
2.378238356461717,995,14630,1.0
2.0300893327353338,3750,14631,1.5
4.551551165375958,30,14632,5.0
4.223950587710149,553,14632,4.0
3.696555419445293,1654,14632,4.0
4.150451657727316,537,14633,4.0
3.3724884039147045,1320,14633,3.0
2.4807864668156308,3647,14635,3.0
2.6815564219335077,209,14640,2.0
3.5914457146159866,52,14642,4.5
3.0811136504402015,720,14642,4.0
3.776286541592363,2087,14642,3.5
3.568752738694265,2473,14642,3.5
2.808726346870464,8698,14642,3.0
3.1564547670562697,6797,14642,3.5
3.780778288419218,5673,14642,4.0
3.6210274670494016,2500,14642,4.0
3.566279769301229,2502,14642,4.0
3.566787869877785,4382,14642,3.5
3.464847541694741,9873,14642,3.5
3.702722415316495,1130,14642,3.0
4.176438669210286,354,14643,3.0
4.291972833929355,8,14643,3.5
4.266682331909819,802,14643,4.0
3.39958827322849,299,14644,4.5
4.333803898489674,1414,14644,4.0
3.9583745168547972,1471,14644,4.0
3.271835639495486,2054,14644,3.0
3.1144234993244213,6003,14644,2.5
3.5534187946969302,2627,14644,4.5
4.636874824167024,823,14644,4.5
4.706041151120062,120,14646,4.5
3.8646136072074677,644,14646,4.0
4.351214724397136,3442,14646,4.0
3.5169826544331935,2339,14647,4.0
3.3248039245385534,3206,14647,3.0
3.7327530626229564,459,14650,4.0
3.21522143981347,1545,14653,1.0
4.061643503555268,4644,14653,4.0
3.3597968192415077,59,14657,4.0
3.4368406600389902,1323,14658,5.0
2.1276201635110534,2875,14661,2.0
3.2150575213118624,1776,14664,4.0
2.696737063988059,4975,14664,3.0
4.50646284112296,14,14668,5.0
3.3204118548263186,1576,14669,4.0
3.6099363607233292,1180,14669,5.0
2.730599159223539,1192,14669,3.0
3.0097241563232746,2535,14670,3.0
3.7275578884483425,1431,14672,3.0
2.679105979930722,1022,14673,2.0
3.72876973048358,719,14673,5.0
4.100898384737224,1199,14674,4.0
3.654899500860688,1552,14676,2.0
4.500539953985911,587,14676,4.0
3.8020280019716366,1706,14676,4.5
3.6423245893711655,744,14676,4.5
3.616762718103412,298,14676,3.5
4.217939551865785,793,14676,3.5
3.880502031270222,933,14678,5.0
4.204230762054038,1675,14681,3.5
2.082871752951559,4811,14681,1.5
3.6117214268489635,1916,14682,3.0
4.312195784899589,6,14683,4.5
3.18930293735119,39,14684,3.5
4.485280226588777,1855,14684,4.5
3.553705912014462,1668,14684,4.0
3.975092003965389,6818,14684,3.5
3.467428401824466,2128,14684,3.5
3.2918650323059353,2164,14684,3.5
3.7464386463759505,3,14686,4.5
3.350431726575582,333,14686,1.0
3.881992504135691,25,14686,3.0
3.311842799431216,716,14687,3.0
2.6037307738455695,2879,14690,0.5
2.924577765223176,1916,14690,4.5
1.9969387638413005,3280,14690,2.0
3.2050485147036873,1778,14690,4.0
2.3043507550513085,6288,14690,2.0
2.9499175329945686,3508,14690,2.5
2.9869532766084492,623,14690,4.0
3.7990961337513065,205,14690,4.0
1.7584126323298432,7267,14690,1.0
3.181238990894163,645,14690,4.5
3.1107059822361545,2870,14690,5.0
2.8568540702592427,1852,14690,3.5
2.9387757756223256,691,14690,3.0
2.8321242167793894,2544,14690,4.5
2.693024102320534,2405,14690,4.5
2.5938135226214234,1359,14690,1.0
2.8810418177634807,1611,14690,3.5
2.8679084408157856,4982,14690,0.5
1.6421318120709063,1451,14690,3.0
2.2953136630870015,1487,14690,3.0
2.5609016893068617,1488,14690,4.5
2.9916178875112323,3783,14690,3.5
2.8700908946957595,2058,14690,5.0
2.6597793162605643,3807,14690,3.5
2.4438010014924436,3830,14690,1.5
3.119645319167132,2085,14690,3.0
2.810339104811876,2990,14690,4.0
2.9027549606097236,373,14690,4.0
3.1244425003114067,3917,14690,3.5
3.22092896758414,333,14690,5.0
2.6391140371348265,4567,14690,4.0
2.63236302186312,892,14690,2.5
3.7849864380068574,538,14691,4.0
3.691477399134767,573,14691,4.0
3.0901776435651285,1598,14691,3.0
3.863133262140578,290,14692,3.0
3.1267254273504275,41,14693,3.0
4.5315590805823005,6,14694,4.5
3.09228013974226,623,14695,5.0
5.0,660,14696,4.0
4.130513580154492,604,14697,5.0
3.7895689449368706,1361,14697,4.0
3.9630514002814734,1307,14698,3.5
3.9959454934415133,253,14698,3.5
3.972711171403369,857,14698,4.0
4.465124488497151,2780,14698,4.5
3.458885524203026,186,14700,3.0
3.841396349271034,115,14700,4.0
3.169562561848675,5805,14700,4.0
3.103876240595976,1953,14700,3.0
2.4991506860279573,83,14701,2.0
2.7562404522377877,1667,14701,3.5
3.473706154973442,49,14703,3.0
3.381543430323125,492,14704,2.5
4.274841431651291,36,14705,3.5
4.002230105112332,1157,14705,4.0
4.690191036295013,350,14705,5.0
3.5853247261345853,756,14705,4.5
4.633176976008894,646,14705,3.5
4.464176850317592,273,14705,4.0
4.592931518851672,165,14705,3.5
4.541287206599706,312,14706,4.0
4.680766776739254,2296,14707,5.0
5.0,51,14708,4.0
4.372806482035323,1243,14708,5.0
3.264291862825053,305,14709,2.5
3.9284655507007855,53,14711,4.0
3.9379842197635613,1296,14711,4.0
3.460733370716615,1850,14711,4.0
2.9959640352666153,4447,14714,1.0
3.946380718573055,1224,14714,4.0
4.488750712029264,1443,14715,3.5
3.571021938587728,1341,14719,5.0
3.4334509405259737,2411,14719,3.5
4.230290279573367,1162,14719,3.5
4.1114820383540716,1049,14719,4.5
4.5200980864632,0,14720,4.0
4.6961643329928355,989,14721,3.5
4.190616766142308,355,14721,3.0
4.564816671525289,604,14721,4.0
3.4464273525109705,648,14721,3.5
4.529251739317543,2816,14721,4.5
4.462685261367825,2594,14721,5.0
3.4983054506997413,339,14723,1.5
3.5879746836781967,1518,14728,4.5
3.431101408096313,1036,14728,5.0
4.342631600010219,921,14728,4.0
3.447194678163292,1659,14729,5.0
3.321167825490212,3308,14730,2.5
4.268722346359629,5530,14731,4.0
4.483460235153786,1361,14732,4.0
2.9240758198946626,1910,14735,3.5
3.1600106814279285,865,14735,3.0
3.503998189192032,742,14735,4.0
2.5121984856276227,1242,14735,3.0
3.922746940440783,640,14735,4.5
3.061766400512875,1953,14735,3.5
3.631903062096905,1299,14735,4.0
3.4433912960851387,71,14735,2.5
3.73735982755367,1355,14735,2.5
3.160988421182264,79,14735,4.0
3.08350185032415,2039,14735,3.5
3.7081828933767365,1722,14735,4.0
3.2495316868597217,372,14735,3.0
2.572970675039518,3286,14735,3.5
3.8128935530873957,146,14735,4.0
2.7184653751500902,3158,14735,2.5
2.9332424865613294,2968,14735,3.5
2.951106081299924,276,14735,1.5
3.0630591087695285,337,14735,4.0
2.8322596497067014,5622,14735,2.5
3.0492318371925093,6094,14735,3.0
2.852548581400778,2232,14735,4.0
4.108171170010569,11111,14735,3.5
3.677035433165808,2818,14735,4.5
3.2689817144387154,1894,14735,2.5
3.3208321203680686,520,14735,4.5
3.5096125293047713,859,14735,4.5
3.4137147998881385,349,14736,3.0
3.714005502683722,348,14737,3.0
3.8146715812728345,311,14737,4.0
3.328387999720836,3079,14738,4.0
3.3719016242340154,1178,14738,4.0
4.096062214638301,2955,14738,3.0
4.047711918750911,2974,14738,3.0
3.9826964955775934,1185,14738,3.0
2.984121104586837,190,14738,3.0
4.0443567011127985,351,14738,4.0
2.6987522615813972,1840,14738,5.0
3.7523452813338034,1936,14738,4.0
3.3872810979827714,592,14740,1.0
3.327981522876971,4955,14743,3.0
3.343429742646481,287,14743,2.0
2.914635114294755,191,14743,2.0
2.7402703892121916,67,14743,3.0
3.122238868303433,365,14743,5.0
3.296799196680035,8425,14743,1.0
4.131992051484419,520,14745,3.5
1.2229889401462444,1131,14746,2.5
1.9319204601080044,14119,14746,3.5
4.115114238453021,354,14747,3.0
2.8865172778848502,187,14748,3.0
4.0622148156412115,572,14748,5.0
3.1434186118450076,1776,14748,2.0
4.2550078559342515,2,14748,3.0
3.971450432965064,1709,14748,4.0
4.3169802501550985,607,14748,3.0
3.7161443427870573,677,14748,4.5
3.714714535492078,9,14748,4.0
3.136765227000698,6182,14748,3.0
2.1258674781083684,5062,14749,3.0
3.274986709938529,8210,14749,3.5
3.5337540077980107,185,14751,2.0
3.1864646391215263,1220,14751,2.0
2.7181148838795823,1488,14751,4.0
2.2862405135776145,1340,14754,3.0
4.277207316054809,156,14756,3.0
3.6968132769565543,1212,14758,3.0
4.4988730697508785,623,14758,5.0
4.3133151167658905,138,14758,5.0
4.6683011887241594,3580,14759,3.0
4.164289737870722,2723,14759,4.5
3.719099004443942,4221,14759,4.5
4.484044061542679,171,14759,5.0
2.8746907651592686,307,14760,4.0
2.6251669409114866,2132,14760,3.0
1.7012449793194897,1485,14761,0.5
2.8647683655213365,1201,14762,3.0
2.494974286424155,2976,14762,3.0
2.618166148294119,42,14762,2.0
2.6947699098440085,1231,14762,3.0
2.26023277731727,1252,14762,3.5
2.0361748063027774,1344,14762,2.0
2.5530958019737726,1560,14762,3.0
3.184633038241731,1420,14762,3.5
2.9020425496705204,1423,14762,3.0
2.726596884224855,3124,14762,3.0
2.716331569044679,1443,14762,3.0
2.317377358136908,2069,14762,1.5
2.2820819801104086,2470,14762,2.5
2.837147028524999,11,14762,3.0
2.0956058622648692,1154,14765,4.0
3.274618019722509,3527,14767,4.0
3.603944008099322,996,14767,4.0
3.6047933897305056,740,14767,4.0
4.1123637027636075,586,14767,4.0
2.743399926708632,2845,14767,4.0
3.2574407528289515,39,14769,3.0
3.1495472936902154,1863,14769,3.0
3.4022528492216413,318,14769,2.0
3.796924795716282,374,14769,1.5
4.06522421334125,333,14769,4.5
3.553892716861752,338,14769,4.0
3.723131881784972,417,14769,3.0
2.8821454792318404,6,14770,3.5
3.822396463949598,1560,14770,4.0
3.5174167361071347,1902,14771,3.0
3.801143884667613,1355,14771,4.0
3.819213374643084,2180,14771,3.0
3.650193940180316,864,14772,3.0
4.170638732837323,996,14772,4.0
4.191956268614156,53,14772,5.0
3.951370548304696,207,14772,5.0
3.2745111326496827,211,14772,4.0
3.1805971177960797,3265,14772,2.0
3.6386328174559908,2737,14772,3.0
3.9632003881826803,80,14773,2.0
4.601131338656813,348,14777,4.0
4.014630224074279,599,14777,4.5
3.946143005023979,1663,14777,4.0
3.2131908754542025,1457,14777,4.5
3.8839247242762864,1162,14777,4.0
2.9456405009920634,314,14777,4.0
4.380245340596903,791,14777,4.0
3.4792260971591817,330,14777,3.5
3.7749805994492904,2216,14777,3.5
4.2259190543458045,13435,14777,4.0
3.663656374007936,385,14777,2.5
4.308750613311356,25,14777,5.0
3.350912101298817,353,14778,3.0
2.46051162832847,1550,14778,4.0
4.013249389229841,538,14779,4.5
4.303629123180878,51,14779,4.5
3.103642918114749,1208,14779,2.5
3.7246808038401342,742,14779,4.0
4.380054332787033,617,14779,3.5
3.7198039672105807,1942,14779,4.0
3.540268792240623,1250,14779,4.5
3.821506871476414,1955,14779,3.0
3.1274756288627823,679,14779,3.0
3.43216744913928,1019,14779,4.0
3.795452854682123,79,14779,2.5
3.7638843985185013,2025,14779,1.0
2.5101872904091214,2027,14779,2.0
3.208743022688538,1488,14779,3.0
3.6480696029052258,2354,14779,4.0
4.120156590992133,2163,14779,4.5
4.2073191920804565,798,14779,3.5
3.988919721893222,2570,14779,5.0
3.3277624525401346,1825,14779,4.0
3.1922999510814116,656,14780,4.0
3.548112487095486,11837,14780,3.0
3.6873320980910327,2683,14782,4.0
4.896866781379757,140,14783,4.0
2.256791915417943,7129,14787,0.5
3.6125416088765605,0,14788,4.5
4.137658110022474,140,14788,5.0
3.8847277314397326,1196,14788,2.5
3.4743056781406296,1660,14788,3.5
3.620905070141143,584,14788,3.5
3.427898751733703,865,14788,4.0
3.4824225612575126,867,14788,4.0
4.098762552044638,1230,14788,4.0
4.196857668633797,2716,14788,2.0
2.9263709739559256,1951,14788,4.0
3.1847310860660376,67,14788,4.0
3.9410306198655713,1986,14788,2.0
3.651356474566426,2546,14788,4.0
2.3783842792780545,234,14788,3.0
3.908028126519617,1465,14788,3.5
3.062697199354079,5156,14788,2.0
2.9340170126602443,13388,14788,4.5
2.9823122428572297,2128,14788,3.0
3.1666278358821596,7149,14788,3.5
3.4259173905183067,2159,14788,3.5
3.4293442053316774,1742,14788,2.5
3.337180650554709,4572,14788,2.5
3.7578435176187583,5098,14788,4.0
3.2639841990174276,816,14788,4.0
3.62423603898799,2751,14788,2.5
3.8090265013099196,1759,14788,3.0
3.2995690055675846,6735,14788,3.5
4.679475051299511,4681,14789,2.0
4.045523112885518,982,14789,4.0
2.8604513628909776,1315,14790,5.0
3.9655759576015543,3113,14790,4.5
1.7163787944610744,2951,14790,3.5
3.638799469703409,2692,14792,2.5
3.732650752025752,133,14792,4.5
4.421481832361934,915,14792,3.5
3.5241044969949114,616,14793,4.0
2.120771968581247,2105,14793,2.5
3.1314748074090857,320,14793,4.0
2.7262675840190154,3891,14793,3.0
3.1683463970767285,327,14793,4.0
3.213600356672947,1156,14794,4.5
2.8417911085733767,349,14794,4.0
3.8032500819476724,598,14794,4.0
3.7028643108130623,1227,14794,4.5
3.266222930177874,1007,14794,3.5
3.7961200632735363,1845,14794,2.5
3.547124190596162,300,14794,4.0
4.109351272423863,69,14794,4.5
3.139773350345941,686,14794,3.5
3.3192941889844265,78,14794,4.5
2.8487194846210224,2019,14794,3.0
3.401487919777792,5398,14794,4.5
3.3054206124405714,1434,14794,4.5
3.8505622795539876,1031,14794,3.5
3.5378036533762436,373,14794,4.0
3.679212383534974,2118,14794,3.5
3.5229822248048155,2142,14794,3.5
3.792576259743125,2570,14794,4.0
2.7772051057785303,6816,14794,3.0
4.178141962942495,835,14794,3.5
3.2749439824464037,2726,14794,4.0
3.2042262370252885,6767,14794,3.0
3.8374846266427434,3412,14794,2.5
2.906077075098814,49,14795,4.5
3.66749832949801,1004,14795,4.5
3.6713480650737513,1986,14795,5.0
3.600134851332047,305,14795,3.5
2.9206088124950242,2111,14795,3.0
3.7966867242216207,1634,14795,3.0
3.832327075098814,325,14795,4.0
3.822263943785683,802,14795,3.5
2.9394282279655153,3979,14795,3.5
3.8671172155139546,2215,14795,4.0
2.7353160053712413,2231,14795,2.0
3.5046178410416946,2240,14795,3.5
3.2881598726719528,2379,14795,3.0
3.061752893282395,4821,14795,3.5
3.8064251951160517,1081,14795,3.5
3.7136845139330386,8468,14795,4.0
4.016618010771329,177,14795,5.0
3.5373766782734175,2931,14795,5.0
2.365481946824117,7051,14795,2.0
3.9717408781694497,183,14796,3.5
3.787690206618778,610,14796,3.5
4.094677386105957,364,14796,3.0
4.023447227375799,663,14796,5.0
4.137643133808547,2862,14796,3.5
3.0722421620163214,1369,14796,3.0
3.4036456400742114,2953,14796,3.5
3.6085668626801293,2721,14796,1.5
3.0632091321377035,255,14796,3.5
3.694021636975359,314,14796,2.0
3.1707769575367637,2092,14796,4.0
3.8330113837373716,373,14796,5.0
3.6828364775457874,331,14796,4.0
3.657477001047562,2164,14796,2.0
3.8507081911312335,2664,14796,2.5
3.9613735315945573,2193,14796,3.0
3.0721744966835653,2210,14796,3.0
2.8239310786919876,5756,14796,4.0
3.6225419364797,12993,14796,5.0
3.487219827888437,1880,14796,4.5
3.25733008492931,6423,14796,4.5
3.0644684515084446,8698,14796,4.0
3.5110832108441943,5643,14796,4.0
2.6337061487294506,4859,14796,3.5
2.6288791798422997,7037,14796,4.0
4.044552744391935,414,14796,4.0
2.8726003512921494,9743,14796,2.5
3.018032012670603,7127,14796,3.5
2.3622453725798596,4100,14796,2.0
3.749438006512069,525,14796,3.0
3.8345699960609654,1682,14796,3.0
3.4405151056639642,5673,14796,3.5
3.2661904607874357,3522,14796,3.5
3.66838380002294,2500,14796,5.0
4.05018263589522,4331,14796,4.5
3.4649920762695077,6381,14796,2.5
3.419838811426647,1684,14796,4.0
3.223433899606515,1110,14796,4.0
3.822122259276622,13456,14796,4.0
2.8268398031070388,11722,14796,4.0
2.6315994758628234,7063,14796,2.5
3.4469002950594216,735,14797,3.5
4.300138112797239,579,14797,3.0
3.784476607635734,2535,14797,3.5
3.212562896347023,299,14797,3.5
2.263151821310948,3255,14797,3.5
3.5278378991220256,3809,14797,3.0
3.084540165359475,2656,14797,1.5
3.890970633046168,808,14797,4.0
3.559412461255798,4506,14797,3.0
3.4765545990887254,1680,14797,4.0
4.574305705266689,166,14797,4.0
4.305178517256443,2819,14797,3.5
2.913426321191855,4107,14797,2.5
2.6288126793878455,5652,14797,2.5
3.9228791005280246,2331,14797,4.0
4.02975604633429,2500,14797,4.0
4.590082224169565,2501,14797,4.5
3.403635671737211,862,14797,3.5
3.6901207587927924,617,14798,4.0
2.801448585575379,1964,14798,3.0
3.9168678076252186,1299,14798,5.0
3.1564200696614537,1835,14799,3.0
3.760401262436511,347,14801,4.0
2.759030522617479,42,14801,2.5
4.359414946559797,1526,14803,4.0
3.9574368572603866,1000,14806,4.0
3.4610393063070535,3358,14806,4.0
2.742408132202653,1552,14809,4.0
3.863473522126739,578,14809,5.0
3.3508834872569553,349,14809,4.0
4.306217656012177,2346,14809,5.0
3.810840671885192,296,14809,4.5
3.1842885720242693,1664,14809,3.0
4.012170036964558,364,14809,3.0
5.0,66,14809,4.5
3.3254860999865032,694,14809,5.0
3.227063582101911,2025,14809,4.5
3.7302249279799753,89,14809,3.5
3.7565593078244164,1414,14809,4.0
3.110236096721794,265,14809,3.0
3.4601248599193806,4549,14809,2.0
3.9384868372701054,329,14809,2.5
3.0828190818932635,2998,14809,3.5
3.6735151519175453,2192,14809,2.5
3.773021376975578,1755,14809,4.0
3.6994781526839637,2216,14809,3.0
4.67540318891587,2828,14809,4.5
3.43997554943237,4858,14809,3.0
3.4161436334159716,485,14809,2.5
3.8214203820301202,171,14809,4.5
3.497154888434993,62,14810,3.0
4.6168884107684685,1495,14811,5.0
3.6744020830785535,113,14814,3.0
2.826190397873968,994,14814,1.5
3.5034073164073165,49,14814,3.0
4.434421403138139,196,14814,4.5
4.259672534376482,622,14814,4.5
3.741051198470614,1246,14814,4.0
3.9765666875780554,148,14816,4.0
2.505540908063645,76,14817,4.5
3.061867664479648,318,14817,4.0
3.5820927296222003,0,14818,3.0
3.407594443550911,36,14818,2.5
3.5833641536012233,636,14819,5.0
2.7526606363556523,385,14820,1.0
3.124076199435338,9377,14821,5.0
3.714154629638725,71,14822,4.0
2.98217820711493,111,14822,3.0
3.6290319525246004,327,14823,5.0
4.211100900824008,339,14823,4.0
4.33607017529572,18,14823,4.0
3.222577299859114,991,14824,4.0
4.038581305594288,1601,14825,4.0
3.712287948951492,1262,14825,2.5
3.1828272899373813,1661,14826,3.0
3.958427182875984,738,14826,4.5
3.8754768625869547,633,14826,5.0
3.6319285421495886,298,14826,5.0
3.743099181788221,2678,14826,4.0
4.166710836945929,96,14826,3.5
3.6244818812610906,101,14826,5.0
3.4258477745475306,1719,14826,3.0
4.226942238350275,273,14826,3.5
3.670520679064594,2356,14826,4.0
3.084944382283263,5737,14826,2.0
3.6249382864602895,5245,14826,4.0
4.0143243533533415,440,14826,4.5
3.68650394008462,447,14826,4.5
3.0073317290732167,1079,14826,2.0
3.999034792975783,7181,14826,4.0
4.02993458283566,4287,14826,3.5
4.2854591476501245,2781,14826,4.5
3.6657586432116744,16822,14826,3.5
3.3877181330178865,7188,14826,3.5
2.9844389965104146,21603,14826,2.0
3.0943355152904486,2973,14827,3.0
3.4282732930356503,2851,14828,3.5
3.873496588258946,140,14828,5.0
4.15705000243736,592,14828,4.5
3.737745438537208,54,14828,4.0
3.886178716001058,1252,14828,3.0
3.9797326794068244,1268,14828,4.5
2.427368593160362,1022,14828,3.0
4.263707554043542,4033,14828,4.0
3.5763619412186936,1884,14828,4.0
3.055896013674116,9686,14828,3.5
2.4266473907038124,190,14829,4.0
3.1633614674102626,120,14829,4.0
3.427918236418131,734,14830,4.0
3.6111633878842797,42,14830,4.0
3.607873176692651,833,14831,4.0
3.8778584716848927,913,14831,3.5
3.666463609187413,1292,14834,3.5
3.8343586020363216,736,14837,4.5
3.0923774971518054,714,14841,3.0
3.8469559201328156,863,14842,3.0
3.1153847135616086,50,14842,2.5
3.2332902516509705,1005,14842,3.0
3.7008625690394643,119,14842,4.0
3.4625744682513635,645,14842,3.0
3.263109864227936,308,14842,3.5
3.040223189355967,1783,14842,1.0
3.134282688494376,2088,14842,3.0
4.0583505149435055,1738,14842,3.0
3.5663260922847515,2626,14842,2.5
3.1332007863776816,1749,14842,3.5
3.597152072020144,838,14842,3.5
3.715968370394564,437,14842,4.0
3.6161681784627207,14,14842,3.5
2.6988855718318376,2518,14843,1.0
4.31576222960599,183,14844,4.0
3.7550772451024788,1953,14844,5.0
3.9795904836389,1260,14844,4.0
3.9732312348494565,219,14846,5.0
3.89029924992788,138,14846,2.5
3.758704087405696,115,14847,4.5
4.391243058335259,579,14847,4.5
3.738036913225535,11056,14847,4.0
3.8845101822850885,488,14853,4.5
4.903241863756399,1683,14858,4.5
3.596019563646508,612,14859,3.0
3.282579364190979,1725,14859,2.5
3.244294174066014,1790,14859,3.0
4.029371034668062,6991,14860,4.5
3.442456461666988,1170,14861,4.0
2.9176387638477386,6278,14861,4.0
3.102765045626888,1157,14861,4.0
4.146120546120546,1001,14861,5.0
3.9288468695047642,1224,14861,4.0
3.228316691109141,6295,14861,4.0
3.776635839259391,1316,14861,3.0
3.8738275647640976,1855,14861,4.0
3.895170651869859,3779,14861,4.0
3.38682468307836,146,14861,3.0
3.6818496046437224,323,14861,3.0
2.603721444845892,5340,14861,3.0
3.6510664928709287,2626,14861,2.5
3.8515060924070865,1008,14862,5.0
3.9676009360328788,663,14862,5.0
2.3441998637773285,2545,14862,2.0
3.72358797566544,6,14862,5.0
3.7709957530732177,1476,14862,3.0
3.5990862276217133,314,14862,4.0
3.2641505160989275,150,14863,5.0
3.558094699737927,160,14863,5.0
4.431369085639594,617,14867,4.0
4.012722750374102,631,14867,5.0
4.1753570478457585,350,14868,4.0
3.3418659540262095,3688,14868,3.0
3.982092620773651,621,14868,3.0
4.322251845046483,622,14868,5.0
3.941997636249318,1605,14868,4.0
4.234537271178659,673,14868,4.0
4.304266858252495,2964,14868,4.0
2.353321820927061,1503,14869,3.0
4.080175010175011,732,14874,3.0
4.164245575624886,355,14874,5.0
4.204857877126899,1200,14874,4.0
4.560055827492853,3681,14874,4.0
4.048792370474313,3625,14874,4.0
3.6793882275132272,2489,14874,4.0
3.693245647870648,122,14874,4.0
4.074930254930256,125,14874,4.0
3.3201734087028205,54,14874,4.0
4.531691324086779,627,14874,2.0
3.6547394263304884,1013,14874,3.0
3.5479603892701603,3257,14874,4.0
4.1087931259773365,304,14874,3.0
3.262740748292465,3068,14874,4.0
4.01489665732054,286,14875,4.0
4.0554800061050065,141,14876,4.0
3.2978470812261924,522,14876,3.0
3.308453693522343,2851,14877,3.0
3.0482486968277,5578,14877,1.5
2.9560407642093702,6039,14877,4.0
3.2954164675903805,612,14877,4.0
3.659253497408858,294,14877,3.0
3.1894930772552255,763,14877,3.0
3.132256173936666,141,14877,4.0
3.1006092955957083,1020,14877,3.0
3.7069751866490996,1399,14877,3.0
3.563192898675635,1411,14877,4.0
3.3623690179639834,3123,14877,4.0
2.716840114463144,5325,14877,3.0
3.2695786292667717,12576,14877,4.0
2.9496222618993184,11132,14877,4.5
3.057454768203538,12578,14877,3.5
2.967118435927376,1742,14877,4.5
3.484075244930508,342,14882,1.0
3.093641983016983,2342,14882,2.0
3.878467402910127,579,14882,5.0
3.7024829556267753,1951,14882,4.0
4.557005038057137,63,14884,5.0
4.5356201277234,673,14884,4.0
4.829864444919896,91,14884,5.0
3.658800207385226,2254,14885,5.0
4.413991762492328,360,14885,3.0
4.309333248362998,44,14885,5.0
4.363300130461676,617,14885,5.0
4.13768299028295,753,14885,5.0
3.8636331668542296,1160,14885,3.0
3.2812509649406834,6888,14885,3.0
3.895110011247782,36,14887,3.5
4.2042497843905995,714,14887,4.5
3.282131032576953,93,14887,4.0
4.1191215555989835,1863,14887,5.0
3.827477194781909,331,14887,4.5
3.795017646882493,378,14887,5.0
3.3749579619481187,1482,14889,4.5
3.781675310801129,333,14889,5.0
4.571983192370875,324,14890,4.0
3.5752984042099865,1196,14891,5.0
3.9740445005372194,2979,14891,5.0
3.9472369004501537,637,14891,3.0
4.197037585883245,1304,14891,4.0
3.412978026161921,2547,14891,4.0
3.8088977722654906,1356,14891,1.0
3.016976986087917,1223,14893,2.0
4.234900527913646,1560,14893,4.0
4.272786122986225,718,14893,2.0
3.9771234098130077,324,14894,4.0
4.619105210477084,2362,14894,5.0
3.9237265310523695,2244,14894,4.5
4.147059898762655,1680,14894,4.0
4.904389494637191,2756,14894,4.5
4.323964660667417,419,14894,4.0
4.183641948249116,459,14894,4.0
4.270472742017578,4076,14894,3.0
4.293026713810352,1806,14894,4.0
4.698448338374242,4288,14894,4.0
4.205046468593647,22,14894,3.5
0.8250681821916942,2972,14895,2.5
3.842174626944094,1171,14899,3.0
2.792078332307358,545,14899,1.0
2.8937399549983924,995,14899,2.0
2.7151330489567935,3672,14899,4.0
2.5681476620611505,2342,14899,2.0
3.819366098398336,201,14899,4.0
3.2263860347360223,2539,14899,3.0
3.461781790613758,3563,14899,3.0
3.2938448372162776,1333,14899,4.0
3.623157542025438,5149,14899,3.0
3.4091816931838546,135,14899,4.0
2.9152935821847596,726,14899,2.0
2.446530976026774,2875,14900,1.0
4.494642769926905,90,14901,4.0
3.771536548510354,1480,14901,3.5
3.645725299469381,1755,14901,3.5
3.3640268485619496,486,14901,4.0
3.2577116863572844,1661,14903,3.0
3.8972931684716614,1204,14903,4.5
4.1500352918705445,348,14903,4.5
3.87541315155875,191,14903,4.0
4.280336838982437,42,14903,3.5
4.767341355666963,588,14903,4.0
4.616896547389972,54,14903,5.0
3.3407470172544578,1382,14903,4.0
4.010433547829146,1471,14903,4.0
3.629835021346335,8,14904,4.0
4.773023963094368,2885,14905,3.0
4.785703251621992,1011,14905,5.0
4.276511158179331,679,14905,5.0
3.1409828432410993,2690,14906,0.5
4.897359333132037,298,14906,5.0
3.6842899894191588,631,14907,5.0
4.868050093723128,117,14908,5.0
4.5288383827135945,617,14908,4.0
3.9564469012269265,2781,14908,4.0
5.0,3,14909,5.0
4.832315860363069,82,14909,5.0
5.0,2428,14909,5.0
4.732039000215471,915,14909,3.0
3.9397451879475875,960,14911,4.0
4.133896820980236,5608,14911,2.0
4.134155493361052,8,14913,4.5
4.473286481678593,1699,14913,4.0
2.570923977450512,1185,14914,2.0
2.613002495909616,2341,14914,5.0
3.368490885547891,2541,14915,5.0
3.8767824318119617,2276,14915,5.0
3.9238543487030615,10,14916,4.0
3.3528376234529063,2141,14916,2.5
2.478320480953217,255,14917,5.0
3.4670333022861923,1659,14919,3.0
4.185324675324676,2835,14920,3.0
4.051924100086966,605,14920,5.0
3.876771720817352,219,14920,5.0
3.8091485025695553,3458,14920,3.0
3.8281675406708637,740,14922,5.0
4.0816676491561985,201,14927,5.0
2.579324666839091,545,14929,3.0
2.681457277886607,2875,14929,3.0
3.9472268097156427,3062,14929,2.0
3.3916725430038683,596,14929,5.0
2.8763405199852015,198,14929,2.0
3.3522140075453333,612,14929,5.0
2.8306682621568764,1631,14929,3.0
3.8619039744411823,638,14929,4.0
3.4050225878539133,759,14929,4.0
2.4849127809941063,228,14929,2.0
2.942319473974329,1370,14929,4.0
2.3448418378023823,1376,14929,2.0
3.2231949469705445,718,14929,3.0
3.7855220883534137,2300,14929,4.0
3.744529667974321,783,14929,3.0
2.818994365893703,198,14930,3.5
3.045556125212815,2347,14930,4.0
2.4024593593267403,2121,14930,3.0
3.0719386338333057,7365,14930,5.0
4.2482846316098,810,14930,4.0
4.027216071793811,2208,14930,4.0
4.46691869569623,816,14930,4.0
3.822476389980257,11111,14930,5.0
4.087601085271791,2726,14930,2.0
4.054427229598626,407,14930,5.0
3.153271503143058,4090,14930,4.0
3.2621857224674122,170,14930,0.5
4.860492208451437,579,14931,5.0
5.0,1229,14931,5.0
3.5674019908813097,620,14933,4.5
3.2481291864571915,762,14933,3.5
4.649694197460163,1947,14934,4.0
4.044725647042,1000,14935,3.5
3.720684388313015,151,14935,2.0
3.50200986720451,141,14938,2.0
3.650173242093865,819,14938,3.0
3.4960811037695505,555,14939,4.0
4.008508401514528,1509,14939,3.5
3.8108445542372786,354,14940,3.0
3.1645370899279768,809,14940,5.0
2.4964788287809054,4858,14940,3.0
3.12462228499911,5290,14940,4.0
2.83739546480296,849,14940,3.0
2.844825377999963,4824,14940,3.0
2.662652859836052,994,14941,3.0
2.6277610841234162,36,14941,5.0
4.08515086633748,8,14942,5.0
3.7452032764375316,191,14943,4.0
3.977360563644272,1710,14943,4.5
2.936519175566671,3330,14948,3.0
3.914072187807195,0,14948,4.0
3.5974043079902263,3999,14948,4.0
3.3505729198337892,623,14948,3.5
3.155584480937742,901,14948,4.0
2.0743728773268515,1546,14951,4.0
2.6518701121691923,353,14951,3.0
3.8772537033741767,1654,14951,3.0
3.8506845462124857,563,14951,5.0
2.951224999193366,51,14952,1.5
3.1594508528356413,1301,14954,4.0
3.272320796017411,1013,14955,3.0
3.133039867321458,358,14960,4.5
3.2106070922748353,1242,14960,3.5
3.9512522207379046,364,14960,1.0
3.1465086114676937,1023,14960,4.0
4.072198132172307,8,14960,5.0
2.82009422457006,1434,14960,4.5
4.079758165276457,1722,14960,1.0
3.862330059200572,2364,14960,4.5
4.4922243305800595,166,14960,4.0
3.803358870127163,477,14960,4.0
3.4753624605473354,848,14960,2.5
4.267073364799416,689,14962,3.0
4.080287855068579,986,14962,3.0
3.775035209577288,5816,14966,4.5
4.273328211673903,122,14967,4.0
3.4751123288209236,1946,14967,4.0
4.183568272222181,1250,14967,4.0
3.8992486311237333,1341,14967,4.0
3.1810264743748546,2986,14967,1.0
3.969576595642874,1449,14967,4.0
4.292756989595327,1667,14967,4.0
2.4989934760958796,1349,14968,3.0
2.5877113752730505,2909,14968,1.5
2.3653493189557846,3768,14968,4.0
2.46231714200618,2552,14968,5.0
2.9949142918412788,786,14968,3.5
2.371662943736959,1522,14968,3.5
2.6486792675617514,3853,14968,4.5
2.1114149524120007,2724,14968,3.0
2.072324762152543,18084,14968,2.0
1.967162677619465,18103,14968,4.5
2.8892420802486005,1341,14970,3.5
3.7016359948723982,2920,14970,3.0
3.9294367266969683,2539,14971,5.0
4.49296661092004,1261,14971,5.0
3.64147866919885,6105,14971,5.0
3.5425665037564347,1939,14972,3.5
3.330123044167162,1217,14972,4.0
3.234350101210715,1159,14972,3.0
3.304193422318422,1980,14972,4.0
2.9548650131544867,1665,14972,3.5
2.9973544973544968,1342,14972,3.0
3.2153320141187787,877,14972,4.0
4.258616882432672,1415,14972,4.0
3.7928506352035765,885,14972,4.0
3.8034074770092574,5777,14972,5.0
4.1329416942078225,1797,14972,4.0
3.3060533571084116,2504,14972,4.0
3.458192404304083,1106,14972,3.5
3.5721781572935383,2257,14974,5.0
3.69367290802784,610,14974,3.5
3.3370517595684563,1222,14974,2.0
2.936189876353632,3240,14974,5.0
3.4595396275226555,1162,14974,4.5
3.057880477419233,339,14974,2.0
3.6348927820140644,12107,14974,5.0
3.0846405295841026,12,14974,2.5
3.9332426043274125,171,14974,0.5
3.285239662185489,10855,14974,0.5
2.890886766671941,21825,14974,1.0
3.0729872188699914,1911,14975,2.0
3.0751547712142866,207,14976,4.0
3.433615712148416,1777,14977,4.0
2.711695328994761,2875,14979,1.0
4.0005261230900615,355,14979,5.0
4.0578920440742205,49,14979,1.0
3.74163641367212,41,14979,1.0
2.9653580510918958,4634,14979,4.0
3.1252543494319127,1299,14979,5.0
3.6151539691397825,1975,14979,5.0
3.7540315589191486,1405,14979,5.0
3.4693963276299207,2048,14979,5.0
4.0040227094886545,0,14981,2.0
3.9184248098681524,2870,14981,4.5
3.867422975822468,3649,14981,5.0
4.059684484491887,5656,14981,5.0
3.586234298744745,9,14987,3.0
3.538286249085882,201,14990,4.0
3.4822502718192543,296,14990,3.5
2.835087327694236,1271,14990,3.5
3.220383253388768,689,14990,3.0
3.2309263096187437,1524,14990,3.0
2.396312385531136,969,14990,1.5
3.285359504150196,8804,14990,3.5
3.2036831997469504,2095,14990,3.0
4.089243412837163,275,14990,5.0
3.4307566571522736,1738,14990,4.0
3.263606864958049,2446,14990,3.5
3.5941809752747256,152,14990,3.0
3.4893166234102724,604,14992,4.0
1.8654513932848011,70,14992,0.5
3.00483338057795,5047,14992,4.0
3.5740272429973086,8477,14992,5.0
2.7061657888686224,6345,14992,2.0
3.510552278554544,1198,14993,3.0
3.812294927294927,342,14994,3.5
4.143719135833741,789,14994,4.0
2.8596270169704168,1863,14996,3.0
4.17213295995854,133,14997,3.5
4.148606531164355,338,14997,4.5
5.0,553,14999,5.0
3.3841957319074023,350,15000,3.5
2.10625738599692,41,15000,2.0
1.7910745737862441,2164,15000,2.0
3.369458067815855,2184,15000,2.5
2.7331827791062318,5643,15000,0.5
3.009524916196372,452,15000,3.5
2.4624590083710647,1144,15000,0.5
2.258818727690259,5292,15000,2.0
3.219285321371992,1641,15000,2.0
2.657288850732463,8324,15000,3.0
2.6063597486474666,1645,15000,3.0
2.86631787871548,3417,15000,2.0
2.3104228823863657,7238,15000,4.5
4.278944374825725,348,15002,3.0
3.8903916271238406,2,15004,5.0
2.65401601114294,1005,15005,4.0
2.9904785937239433,1781,15005,2.0
2.6580640820660104,1021,15005,1.0
3.2326205856088226,1038,15005,3.0
3.500031208413759,14,15005,3.0
1.6541437832786094,4216,15005,2.0
3.439811571145354,413,15006,5.0
3.3178220971646577,1243,15008,5.0
3.157087030717517,714,15008,3.5
3.3540310021637474,1783,15008,2.5
3.7669571082181625,989,15009,3.0
3.2156549478757124,604,15009,5.0
3.5351421084712826,204,15009,3.0
3.8466545599430995,751,15009,2.0
4.769127521414755,380,15010,4.0
4.330383139071367,2922,15010,5.0
4.189516141041397,1772,15010,4.5
4.485319396649932,25,15010,4.0
4.528773528527029,955,15010,3.5
2.4310361142403227,1576,15013,4.0
2.5427078838015724,2514,15013,2.5
3.67834031179816,2922,15016,3.5
4.442421079495657,2820,15018,4.0
2.9147562486533074,342,15019,3.5
3.851895785374046,354,15019,3.5
3.780236567255446,347,15019,4.0
3.55980054408668,98,15019,4.0
3.4858504857211754,270,15019,5.0
4.923206624803795,115,15021,5.0
4.874834916575127,141,15021,4.5
4.348399205949209,1633,15023,4.0
4.055022508746875,722,15023,4.0
3.78799297347734,39,15024,3.0
1.873972056368146,1910,15026,1.0
2.0785567669502365,4522,15026,4.0
3.016316155480821,1581,15026,5.0
3.05924743300614,5559,15026,1.0
2.956009710478168,3065,15026,4.0
3.031064686020213,298,15026,4.0
2.7447810548745126,1305,15026,3.0
2.803911709794641,226,15026,3.0
2.0734385647713647,3264,15026,1.0
2.208721674532895,5427,15026,1.0
1.7799715407171726,1022,15026,1.0
3.712633480226938,1473,15026,5.0
3.9459773370917763,599,15029,3.0
3.8363442211459144,74,15033,5.0
2.485753929987295,3330,15038,1.0
1.8664168618266976,188,15038,1.0
2.297250955356836,2487,15038,4.0
1.4560881142473134,3216,15038,3.0
1.5770790943310355,349,15038,3.0
2.0061787665886026,865,15038,0.5
2.927231880141716,1216,15038,3.0
2.489076355111191,610,15038,2.0
2.6531535565045687,122,15038,2.0
2.7881545393538487,614,15038,1.0
2.382131147540983,44,15038,2.0
2.3698220677319037,201,15038,5.0
2.480916283383661,2846,15038,3.0
2.1436687393123064,665,15038,2.5
2.5386127436862815,128,15038,2.5
2.043792880888852,1295,15038,3.0
2.0754942427790786,3256,15038,4.0
2.131092363025419,8060,15038,2.0
1.4551719587993501,5827,15038,1.0
2.088573455233291,1991,15038,2.5
2.4879644808743167,71,15038,3.0
1.8445212574310932,1994,15038,2.0
2.7229644808743165,2546,15038,3.0
2.163381147540983,141,15038,2.0
2.2951164955263312,75,15038,1.0
1.5348309967114209,1377,15038,1.0
2.5093930523028884,1379,15038,4.0
1.9988643020219634,9206,15038,1.0
2.2749585284933644,717,15038,2.0
2.3822834513774978,2348,15038,2.5
2.138713780594205,2036,15038,2.0
0.9987763139687584,2951,15038,0.5
2.9195946226448126,3284,15038,1.0
1.670677394964994,1519,15038,2.0
2.5777342114210753,371,15038,2.0
2.414534949921699,3380,15038,3.0
2.179234322144158,318,15038,4.0
2.1984060516830164,13585,15038,2.0
2.2499332738189795,285,15038,3.0
2.161577522244711,2141,15038,2.0
2.528411981123379,2447,15038,2.5
2.862977486141734,3984,15038,3.0
2.15997487349368,4806,15038,3.5
2.0653242638631326,817,15038,2.0
1.986957201389841,6534,15038,3.0
2.4933253458760127,13642,15038,2.0
1.8856902468813197,12559,15038,1.0
2.8576639623528313,10062,15038,2.0
1.9854511780291417,12708,15038,2.5
1.9353609159328544,404,15038,3.0
2.318533037096828,4050,15038,2.5
2.0091512813912895,15806,15038,2.5
2.3158546925145282,516,15038,3.5
2.4661328022803035,3404,15038,0.5
1.967275262337116,7565,15038,1.5
1.7299722751636462,4271,15038,2.5
2.543170892711226,4304,15038,3.0
2.16575915838865,4310,15038,2.0
2.134663493692499,4312,15038,2.5
1.9081833215115225,4313,15038,2.5
1.5322561402873722,15074,15038,2.5
0.5,21858,15038,2.5
2.6888636611651275,7817,15038,3.5
1.834633703432226,21228,15038,1.5
4.294748534507631,34,15046,1.0
2.3683422920450234,1554,15047,2.5
3.5738011101119627,2490,15047,4.0
3.168264561253283,87,15047,3.0
3.330326648203141,1458,15047,4.0
3.5761883154901306,1528,15047,3.5
3.405800479282622,111,15047,4.0
3.7330905902328997,44,15048,3.0
3.791407003073085,709,15048,5.0
3.2632252128837314,1076,15049,3.5
4.181999775620991,535,15050,5.0
3.9140877284796063,68,15051,4.0
4.593431445502089,171,15051,5.0
4.815738086338409,173,15051,5.0
4.480122175563629,951,15051,1.0
3.996892178567015,347,15052,3.5
4.533504153171283,620,15052,4.0
4.964446392557859,312,15052,4.5
3.988713821603267,1749,15052,4.0
4.637790094400459,1758,15052,3.0
3.8091376736115823,213,15055,5.0
4.240165825712183,296,15056,4.0
4.159164604710962,660,15056,4.5
4.185562651109009,364,15056,3.5
3.9177185765345435,3458,15056,3.0
3.349913800170784,82,15056,4.5
4.283084057735786,10,15056,4.0
4.005083489747494,380,15056,4.0
4.05586035993613,2197,15056,3.5
4.464686567119114,1758,15056,2.0
3.8036259204115126,828,15056,4.0
4.025518300035246,1682,15056,3.5
3.3395449859784407,2498,15056,4.0
4.323185911485502,6380,15056,2.5
1.667850240451839,184,15060,3.0
3.8847420875604795,185,15060,4.0
3.737715115795636,286,15060,5.0
2.600591829983549,1655,15060,4.0
2.8944728943518174,1923,15060,1.0
3.523268679695177,1704,15061,4.0
3.361789093013522,50,15061,2.0
4.374285566824306,121,15061,4.5
4.105221205347103,614,15061,3.5
3.2158277125440833,747,15061,4.0
3.558978321438113,2713,15061,5.0
3.226212258553629,87,15061,5.0
3.95375590934728,882,15061,3.5
3.6094262092056604,308,15061,4.0
4.692600991080132,333,15061,5.0
4.212669944190007,382,15061,4.0
4.210178661724388,1679,15061,3.0
4.0386647884661,6789,15061,4.0
3.767080385524697,915,15061,4.5
4.049724397859112,176,15061,3.5
3.6801856980368832,323,15064,2.5
4.088187495857349,808,15064,4.0
3.5965489966036954,1076,15064,3.0
3.418338651082928,1398,15066,3.0
3.9142848642387222,3177,15066,3.5
4.3865738933640515,1066,15066,4.0
3.6046553321072556,1078,15066,4.0
3.8679516596372783,2821,15066,3.0
4.308694922098395,4900,15066,4.0
3.3677545958315185,951,15066,3.5
1.7333295257717953,1540,15068,0.5
2.380688479233021,1653,15070,2.5
2.9615410988356405,1549,15070,2.5
2.804493929888317,596,15070,2.5
2.371259379679908,4963,15070,3.0
3.5246697063392483,126,15070,4.0
3.269792804126479,2745,15070,2.5
2.8030323724399175,679,15070,2.5
3.5995772744389516,303,15070,4.0
3.1558585135442225,699,15070,3.5
2.52501248855703,1366,15070,3.5
2.217791653836196,1468,15070,2.5
3.006626254907639,144,15070,2.0
2.436356214275756,106,15070,3.0
2.4270337352841596,2684,15070,3.0
2.272752982629421,4009,15070,1.5
3.142141609436151,334,15070,3.0
2.959888756080357,5470,15070,2.5
1.9782669113320457,5357,15070,2.0
3.5930759061160513,8099,15070,3.5
3.582538247960112,3394,15070,3.0
3.22735036632254,4033,15070,3.0
3.645205620263535,2388,15071,4.0
3.5966363099573995,1660,15071,4.0
2.862961116519908,1605,15072,4.5
4.479077264495568,36,15073,5.0
4.536393781560861,996,15073,4.0
4.862565146607791,2268,15073,5.0
4.5351452810149615,1256,15073,4.0
4.25539243022759,646,15073,4.0
4.976629042808685,702,15073,5.0
3.05362909289293,2664,15074,1.0
3.482433378296757,3533,15076,2.0
2.4526650608914964,2693,15076,3.0
3.192248242406889,3493,15076,3.0
3.9229777778838923,346,15076,4.0
3.0727298823979883,980,15076,3.0
3.227868276819062,10142,15076,4.0
3.5380301021654406,2709,15076,4.0
4.053183412099668,201,15076,3.0
4.040482192013441,1237,15076,5.0
3.2789658928705805,1598,15079,4.0
3.6497376065950577,94,15079,4.0
3.2561739263568352,344,15082,4.0
4.044795927449777,204,15082,2.0
3.1135541563334708,6890,15082,2.0
3.94202292643474,87,15082,3.0
3.8826679909201403,1545,15083,3.5
3.8839582651587836,342,15083,4.0
4.486564513051073,119,15083,4.0
3.8324289442145014,45,15083,4.5
3.9559442275208063,202,15083,4.5
4.191132797550708,364,15083,3.5
4.01059969868363,674,15083,4.0
4.375544948746396,1323,15083,4.5
4.05784131976049,2088,15083,4.5
4.681548787286857,807,15083,4.0
3.952389251654534,1208,15084,3.5
3.867955153150574,41,15084,4.0
3.5109892431731273,1241,15084,4.5
3.893098000858491,330,15084,5.0
4.050933169549768,153,15084,5.0
2.8444578482927376,1857,15086,4.0
3.4376392810259127,2086,15086,2.0
4.304961848367458,1681,15089,5.0
3.9578503537238574,120,15095,4.0
3.609309173878798,617,15095,3.0
3.069071961637716,338,15095,3.5
3.0893925406754,152,15095,3.5
2.941394466358025,2194,15095,4.0
3.9363476833784143,4040,15095,4.0
3.624190322727818,171,15095,4.5
3.750410417545372,1098,15095,4.5
3.530791243756109,2712,15096,3.0
3.9480477382569172,1052,15098,3.5
4.237526339714222,838,15098,3.5
4.287462534113495,2922,15098,3.5
3.2527532047929304,138,15099,2.0
3.2953740245261987,1467,15099,3.0
3.454856978232981,1673,15099,3.0
3.7772124347149143,4040,15099,4.0
4.303539012316187,14,15099,5.0
4.9260176356092416,1090,15101,5.0
2.3393031821696595,2875,15106,4.0
2.7322009735452943,638,15107,4.0
3.8338108314746178,1172,15108,4.0
3.507690838830751,3279,15108,5.0
3.7483712703800665,358,15108,4.0
4.131197929592395,612,15111,4.0
4.078639665806886,205,15112,4.0
3.208825720826994,101,15112,3.0
4.051695865565468,6446,15112,4.5
4.6400181668792895,3076,15113,4.0
4.552092228909302,604,15115,4.0
2.9530968427165476,81,15115,4.5
4.714810448414799,3634,15115,5.0
4.293196001177387,4799,15115,3.5
3.9924550960735172,36,15118,3.0
3.9079915698336753,738,15118,3.0
3.18879052577969,785,15118,4.0
4.135626410483222,146,15118,4.0
3.9031147959173143,59,15120,5.0
3.7421091422776414,703,15120,5.0
3.618385539860502,852,15120,5.0
4.012470739689411,354,15122,1.0
4.489015151515151,117,15122,5.0
