CF_User,movie_id,user_id,y_true
3.1627619766479533,2163,79623,3.5
3.867197965064164,7066,79623,4.0
3.902180660508149,4738,79623,3.5
3.5446797874552365,799,79623,4.0
3.3314849231110313,802,79623,1.5
2.7554792011641327,2191,79623,2.0
4.200500585223829,2827,79623,5.0
3.5205899931499247,899,79623,4.0
3.0724337772571864,902,79623,1.0
3.9679518758593626,4047,79623,3.0
3.1525131684509966,4089,79623,2.0
3.54733018514747,21,79623,3.0
3.683202238789211,2506,79625,3.0
3.8714614059694012,2347,79625,1.0
3.365114775726028,4678,79625,4.0
3.4643680285316685,3769,79625,4.0
3.27570924634162,363,79626,5.0
4.2719755061211755,59,79628,3.5
3.359887561901652,1614,79628,3.5
2.8310480863187557,1031,79628,4.0
3.427004976650646,109,79628,4.0
3.476480084875754,1033,79628,4.0
3.5475551520499593,2484,79628,3.5
3.130159734904088,2164,79628,0.5
3.680376172816055,2185,79628,1.5
3.61463912346621,1830,79629,5.0
3.405400369860442,1233,79629,3.0
4.082160606233265,72,79630,1.0
3.7626443785682913,765,79630,5.0
3.522662290414428,3044,79631,3.0
3.7279923608284995,1753,79631,3.0
3.581371222914952,4776,79631,3.0
3.9277403222458265,478,79631,4.0
3.340549409798103,6588,79631,3.0
2.8778225488288602,3554,79633,3.0
3.519271956269235,349,79633,4.0
3.5457007024299543,614,79633,5.0
3.530438468868096,106,79635,3.5
3.7457355726246058,1673,79635,4.0
4.681897704729201,845,79635,4.0
3.9540985466228973,7976,79635,4.0
3.7614565755600977,4573,79636,4.0
4.024842166842167,354,79637,4.5
4.325850882531464,151,79637,3.5
3.0660973068597057,355,79638,5.0
3.234387625089242,1551,79638,3.0
2.9627956743696786,1552,79638,4.0
4.483200419691411,538,79639,4.0
4.504437618724351,593,79639,5.0
4.726814348953409,298,79640,3.5
3.7435562558356676,79,79640,4.5
4.006651533142902,81,79640,3.5
4.334631796911141,145,79640,4.5
3.9812075966598255,316,79640,3.5
3.5284512613907455,1736,79640,3.5
4.189152661064426,803,79640,4.5
4.447896291457795,1758,79640,4.0
2.8610723790045873,1799,79640,5.0
3.790192170501159,1900,79642,2.5
4.282295345104334,0,79642,4.0
3.86832709113608,990,79642,4.5
3.7883270911360802,1906,79642,4.0
3.5205911728398167,555,79642,3.5
3.6192073650364454,588,79642,5.0
4.044528292337281,1000,79642,5.0
4.061690949499939,3449,79642,4.5
4.449143199447271,615,79642,4.0
4.049144084600132,616,79642,5.0
3.6411048689138577,640,79642,5.0
3.9987239165329056,69,79642,4.0
3.7815138352915514,221,79642,3.0
3.7275727323270926,1587,79642,4.5
3.9443211654710804,3588,79642,4.0
3.5390191223887797,7258,79642,5.0
4.0848169901259785,2036,79642,4.5
3.951382646691636,98,79642,4.5
3.8836826345959676,1500,79642,4.5
4.012993036997984,371,79642,4.5
3.8490716662515614,2349,79642,4.5
3.672337214312029,2660,79642,3.0
3.9680544640121562,2090,79642,2.0
4.204927989964593,12080,79642,4.5
3.701783325443198,2999,79642,4.0
3.3130979284547655,3615,79642,4.0
3.397006415945538,3618,79642,2.5
3.2180332437055004,10468,79642,2.0
3.652745660562197,900,79642,3.5
4.261130456940819,8104,79642,4.0
4.331894077912748,397,79642,2.5
3.5995981963616868,2667,79642,2.5
3.5498348442789234,16120,79642,3.5
4.240055367840326,1068,79642,4.0
3.622102574360488,914,79642,2.5
3.206032315256802,4212,79642,3.5
4.1658527525921505,4228,79642,4.5
3.498883328050334,4242,79642,2.5
3.7659953896030562,1077,79642,4.5
3.558329338147509,7618,79642,3.5
3.809638805004827,8321,79642,3.0
4.082233964207046,1817,79642,4.0
3.4256120821138465,4383,79642,3.5
3.9871427841479106,22412,79642,5.0
4.129046581068979,1820,79642,5.0
2.3383483867826014,28977,79642,1.0
3.8108586500465553,7135,79642,4.0
2.7862513854496083,20381,79642,2.5
3.1202730966276446,1119,79642,3.5
3.5033554158118894,15265,79642,3.0
1.221277177544538,24723,79642,4.0
4.346228469146177,333,79643,4.5
3.799001681797735,1139,79643,4.5
3.781883974489944,2598,79643,4.5
3.057858224490087,6074,79643,3.5
3.6309763546566955,3193,79643,3.0
4.029914559125086,4040,79643,5.0
3.399730196703881,4065,79643,3.0
4.319276947082507,531,79643,4.5
3.8583580920667573,172,79643,4.0
2.7096679281932685,1152,79645,0.5
3.995523800153153,1594,79647,2.0
4.106191031191031,352,79650,4.0
4.378417475961887,2251,79650,4.0
4.05249706000464,613,79650,5.0
3.7951770168683034,2278,79650,5.0
3.739760193410659,2311,79650,3.0
3.4498462974933566,2432,79650,3.0
3.9859845675188583,3331,79652,3.5
3.145033077696387,1654,79653,3.5
2.6235512472855254,354,79654,3.5
2.253130753212063,3999,79654,4.5
2.9291747504879755,615,79654,4.0
3.263511001655109,202,79654,3.5
3.043646972710198,141,79654,3.0
2.945642266250955,2658,79654,2.0
2.4375625830178764,2170,79654,3.0
2.5790571218375993,6976,79654,2.5
1.883518202713846,8260,79654,3.5
3.2216231631863885,419,79654,3.0
2.811339942128926,2758,79654,3.0
2.669926673578979,5288,79654,3.0
2.5952212348836854,4129,79654,1.5
3.21139585911994,4167,79654,3.5
1.8171863944973803,13514,79654,0.5
2.7664855734676737,927,79654,1.0
3.156838722540433,2781,79654,4.0
2.3374511332721335,4461,79654,3.5
3.257014854605704,1772,79654,3.0
2.2516463265862967,11251,79654,4.0
2.3505664854690997,949,79654,4.5
2.6431704457658793,21198,79654,0.5
2.6204572842059015,4718,79654,3.5
2.175180986362957,2939,79654,4.0
1.9649245432991027,5187,79654,3.0
2.6806214283917136,5949,79654,4.0
3.8908601795404856,115,79655,4.0
3.6538508925813145,234,79655,2.5
3.9818670759593395,817,79655,3.5
4.052891664153101,156,79655,4.5
4.0981250694813065,34,79656,4.0
3.4050555306630823,347,79656,3.5
3.9620390442890443,604,79656,4.0
2.863299743358029,1321,79656,3.0
3.5987060504840063,713,79656,3.5
3.3795327170249774,1396,79656,3.0
3.662946751979344,772,79656,3.5
3.450481601731602,275,79656,3.5
4.126388611388611,1880,79656,3.0
3.722039077058562,158,79656,3.5
3.4785167451175227,1801,79656,3.0
3.5061014250577864,7055,79659,3.5
2.9360562561665504,2940,79659,3.5
2.5953048005552084,1176,79660,4.0
4.5042515688645715,354,79662,4.0
4.378802661625682,787,79662,5.0
3.812228849248158,0,79663,4.0
3.8698438190169697,51,79665,4.0
3.684783361158506,587,79665,3.5
3.4896065247906,1844,79665,2.0
3.762606949589872,660,79665,4.5
3.3223907006971523,805,79665,4.0
3.0780603024384616,2533,79665,2.5
2.4596065624613037,2667,79665,2.5
2.4101649378435934,8656,79665,3.0
3.2263593416297476,1774,79665,3.5
2.9666494000050303,954,79665,2.5
2.985460131266583,182,79665,4.0
3.9854964801866757,623,79666,5.0
4.1092545132267855,296,79666,5.0
3.794797830374753,66,79666,3.5
3.99273643684501,2598,79666,4.0
4.401177677063991,832,79666,3.5
3.781301963496534,15,79666,5.0
4.616676001223512,521,79666,3.0
3.947833544660468,171,79666,4.0
2.5752219689479485,1617,79667,2.0
2.484491758241758,1153,79668,2.0
2.7638427259015494,194,79668,0.5
3.2685843203064566,196,79668,4.0
3.0468746307455983,121,79668,4.5
3.4107697694462398,620,79668,3.5
3.2221144133644133,202,79668,5.0
3.3355631868131868,649,79668,3.5
2.915929487179487,663,79668,0.5
2.581198789386857,7273,79668,3.0
2.681791541791542,138,79668,0.5
2.838168706293706,1479,79668,3.0
3.1831869336803544,307,79668,1.0
3.2724522845575477,9,79668,4.5
1.8201642771639126,4910,79668,2.0
3.061792799196248,791,79668,3.0
2.925474021482973,2522,79668,4.0
2.335232212613921,3976,79668,0.5
2.928293283681516,2752,79668,3.5
3.2308551647154586,824,79668,5.0
3.2518910256410254,1140,79668,3.0
2.56278749028749,849,79668,2.5
3.9720263958796296,246,79669,4.0
3.518112101113888,286,79672,5.0
3.621270907412212,1548,79672,3.0
3.9252823791229723,115,79672,3.0
3.436002075154449,35,79672,5.0
2.384280492562212,343,79672,2.0
3.282264592034125,36,79672,3.0
3.6819785663285174,288,79672,4.0
3.2299378542008816,3590,79673,3.0
4.821011274769332,430,79675,4.0
3.242495421787117,78,79676,3.0
3.9107619558541247,1661,79677,5.0
4.6688350001318515,120,79677,5.0
4.853882320879603,8,79677,5.0
3.4590096205204057,5,79678,3.5
3.5531150793650794,1644,79678,3.0
4.3978190753045405,33,79679,4.0
4.428423933861913,539,79681,3.0
4.54826995972574,542,79681,5.0
4.163531385740156,604,79681,4.0
4.063998179168655,3508,79681,4.0
3.869827510050336,612,79681,5.0
4.087380321972713,960,79681,4.0
3.496442686302022,8228,79681,3.0
3.2176181624100066,2547,79681,4.0
4.261569866434566,2287,79681,3.0
3.69320438577711,1681,79683,2.5
4.061090495688199,171,79683,3.5
4.309318072024594,148,79687,5.0
3.889625235875236,2195,79687,3.0
3.393101954314097,5792,79687,4.0
3.2152633232780294,951,79687,4.5
3.436708099707424,2692,79688,2.0
4.204102856200255,51,79688,4.5
3.97669418363744,660,79688,3.5
4.114000439971402,357,79690,3.5
4.456367889773062,1217,79690,4.5
4.2571264367816095,3,79690,4.0
3.7215510399562124,872,79690,4.0
3.7174332867943414,763,79690,4.0
3.3054597701149424,138,79690,4.0
4.02659110432863,770,79690,5.0
3.6809312920570525,1501,79690,4.5
3.9550942730389194,787,79690,5.0
4.2034813866562954,339,79690,2.5
4.3222717055685225,3401,79690,3.5
4.411408380328258,13,79690,4.0
3.0520523440599323,5424,79690,4.0
4.562795296430732,2922,79690,3.5
5.0,355,79691,5.0
3.4514712124707176,121,79695,5.0
3.3074888666490563,205,79695,3.0
4.08805419238313,538,79696,4.0
4.1187773630937246,1182,79696,3.0
3.728043014554119,345,79696,3.0
4.316380129621946,787,79697,4.5
4.071145112898559,2626,79697,3.0
2.8070672590211005,76,79698,1.0
2.320541179745041,1737,79698,1.5
3.051142287081142,8260,79698,0.5
2.74161016185552,7155,79698,2.5
3.6953694111380053,1805,79698,3.0
3.0724680088027805,1689,79698,2.0
3.001409755485817,66,79699,4.5
3.6693416108500485,816,79699,3.0
3.794507499304075,2588,79699,4.5
4.444509443743537,354,79702,4.0
3.703076137668929,301,79702,4.0
4.030793307275629,693,79702,4.0
4.11326185990048,702,79702,4.0
3.6571815747415446,1431,79702,4.0
3.910806266686958,1071,79704,4.0
4.250088725088725,183,79711,4.0
2.0304157492124593,2013,79716,3.0
1.6432412643249017,995,79717,1.0
3.5496184609812085,354,79720,4.0
4.190431708820423,358,79721,5.0
4.311294519261992,50,79722,3.0
4.437720262846887,1203,79722,4.0
4.16292786452118,59,79722,4.0
3.8164566154484283,2841,79722,4.0
3.8719253580423936,1011,79723,5.0
4.2745289880523,695,79723,5.0
4.676016429524606,141,79723,4.5
3.9894453207006393,1047,79723,4.0
4.461664754914451,2886,79723,5.0
4.494558998690992,16,79723,3.5
3.6078081769396713,863,79724,4.0
3.794359609365222,1549,79724,4.0
3.7083800429662768,347,79724,4.0
3.6327501690892485,991,79725,2.0
2.28650084243551,190,79725,3.0
3.2959504557213304,616,79725,4.0
3.1986984525770166,1234,79725,3.0
3.777739419679522,1246,79725,5.0
2.9524021150803534,6292,79725,4.0
2.7530710124615627,1845,79725,3.0
2.583041663047344,9657,79725,3.0
3.304256767066435,1300,79725,4.0
3.71971131252098,1303,79725,4.0
3.894080963552783,1357,79725,5.0
2.883794898017609,1366,79725,4.0
3.3637095404261412,5398,79725,4.0
3.7129897207742335,1458,79725,4.0
3.4795174785771463,1480,79725,3.0
3.9376928292636864,1490,79725,4.0
3.335088291270052,3773,79725,4.0
3.2545788904499195,9737,79725,3.0
2.1375629383036596,5133,79725,2.0
4.6751539752665145,115,79726,4.0
4.184602901715907,333,79726,4.5
3.624594812769448,301,79728,3.0
3.416089800602438,2350,79728,3.5
3.5917945573122414,8265,79728,4.0
4.353562849531864,745,79729,4.0
2.5236078173010226,2078,79729,2.0
4.463110291411707,1175,79732,3.5
3.945107115107115,344,79732,2.0
3.6042684766214177,1914,79732,3.5
3.4205547806167003,5,79732,4.5
3.932812742812743,1295,79732,4.5
4.100429992777863,6,79732,4.5
3.508247977512683,308,79732,3.5
3.3704200483612246,11,79732,4.0
4.3760188933873145,333,79732,3.0
4.512644417686403,3392,79732,3.5
4.070582596807642,1876,79732,5.0
3.9272277300289713,887,79734,3.0
2.684047108534474,1552,79735,3.0
2.6693788779474876,191,79735,4.0
3.5935881738780853,4,79735,3.0
3.139052029859391,1253,79735,4.0
3.3645148851634414,792,79735,4.0
3.867227129202935,171,79736,5.0
3.1872442106019427,1269,79738,3.0
3.548011166914571,2149,79738,4.0
4.128191359337257,1671,79738,4.5
3.6420776860626094,1787,79740,4.0
4.6552815449114675,1602,79742,5.0
4.672202045816399,6255,79742,5.0
5.0,13022,79742,4.5
2.853291528403811,185,79743,4.0
2.873093302361595,1153,79743,3.5
2.00270868697698,1839,79743,2.5
2.9733137447051994,620,79743,3.5
2.8739663182346114,756,79743,2.0
1.8034266356949287,1347,79743,0.5
2.953161844930138,138,79743,1.0
2.612812333330626,79,79743,0.5
2.766386953155246,1028,79743,3.0
2.3322378383811313,1454,79743,3.5
2.469507208503762,266,79743,0.5
2.542860333533038,1669,79743,3.0
3.188567023901493,805,79743,3.5
2.8249761436585348,3994,79743,4.5
3.483376668299015,675,79744,2.5
3.614551387939546,1987,79744,5.0
3.257078379906266,249,79744,2.5
4.04183653144325,800,79744,4.5
3.864115734877645,486,79744,4.5
2.5190164172584124,4088,79744,3.5
3.6262310681819967,5288,79744,5.0
3.7831330555028484,5251,79744,4.0
3.02026506734716,192,79745,4.0
2.959514749208211,1341,79745,3.5
2.486854878223613,1366,79745,4.0
3.165400971342526,3345,79746,3.5
4.406361758233268,849,79746,4.5
3.5209788540230553,349,79749,2.0
3.5974566597660935,186,79753,4.0
3.5825333553225285,1204,79755,3.0
4.874946599952809,636,79756,4.0
4.358875026655835,3257,79756,3.0
3.3943411466279114,1211,79758,4.0
3.3183092016189266,10,79760,3.5
3.6725335955796257,1825,79760,3.0
4.128028162401652,154,79760,5.0
3.592640376043937,3415,79760,5.0
3.4795425665932416,1199,79762,3.0
3.032205424275339,1261,79763,3.5
2.1468623862811085,240,79763,3.0
3.703647561962638,147,79763,0.5
3.8049211585519553,1247,79764,5.0
3.7105351099646877,72,79764,4.0
4.4409260082126325,116,79765,4.0
4.00797750998838,933,79765,3.0
3.8762209295573506,816,79766,3.5
3.19433419196871,606,79767,4.0
3.3290540372502364,146,79767,3.0
3.652061562384968,815,79767,4.0
3.3326485070653544,2580,79768,4.5
2.244813335421888,40,79770,2.5
3.356179012873092,605,79770,3.0
3.278672462406015,719,79770,2.5
2.51874599181778,244,79770,3.5
3.1046150567483775,1506,79770,4.0
3.0585831766917293,1524,79770,3.5
2.8466997121444795,1737,79770,3.5
2.8399913958816074,12893,79770,3.0
3.038916705495081,2180,79770,3.0
3.0957076202306464,1788,79770,1.5
3.0698817177677884,2195,79770,3.0
3.657010374493927,899,79770,1.5
2.8712307614542607,1877,79770,2.0
3.4906513165189113,397,79770,0.5
2.328599672609772,4810,79770,3.0
2.5378900360793866,9561,79770,0.5
3.827297167066828,474,79770,4.5
2.978731986215539,3637,79770,0.5
4.166582363048256,4138,79770,4.0
3.005979641001494,4143,79770,4.0
3.4350081120504883,1072,79770,4.0
2.162773420559809,10546,79770,3.0
3.133647697279325,924,79770,1.5
3.566852276700936,7620,79770,3.0
2.995428378546464,8580,79770,5.0
3.3904802119569535,4833,79770,4.5
3.6950159199564974,9923,79770,4.5
3.524311666335557,4622,79770,4.0
2.888410253531055,9620,79770,4.5
2.9319055083436076,15679,79770,3.5
3.5101360832840025,25844,79770,5.0
3.2964782472257474,1659,79772,2.0
3.951326197143306,298,79773,4.0
4.143615943900228,622,79777,4.0
3.5413426533516623,201,79777,4.0
3.998308133754592,304,79777,3.0
3.9284587989446376,1836,79778,4.0
4.075961158171948,1005,79778,3.0
4.499735010990042,598,79778,5.0
5.0,1959,79778,4.0
4.85452741054497,2129,79778,3.0
3.898577458879346,98,79779,4.0
3.840896556016964,1001,79780,3.0
4.114101729158884,623,79782,4.5
3.7490141629735763,82,79782,5.0
4.219129035837454,165,79782,1.0
4.421853163734512,845,79782,5.0
3.035019053502808,9372,79782,4.0
4.088197376778174,8322,79782,3.0
3.9745639468017515,646,79784,1.5
3.4140353797593592,300,79785,4.5
3.4228959064159383,1959,79785,4.5
3.9614124130574453,77,79785,4.0
4.481030318129439,1785,79785,4.5
3.8986248975811426,799,79785,3.0
4.20291008692354,153,79785,5.0
4.145283338671792,7912,79785,4.0
4.644182148195601,2192,79785,3.0
3.873884529147982,2195,79785,3.5
4.599264778189559,2226,79785,4.0
4.08737777923605,9785,79785,4.5
4.5120831507018675,409,79785,5.0
4.035130158518611,452,79785,4.5
4.231415817304271,857,79785,4.0
3.3468965829691064,9848,79785,3.5
3.208108114920794,1650,79785,3.5
3.745325475636731,1110,79785,3.5
2.923720153852798,2255,79786,2.0
3.9165032310684484,0,79787,5.0
3.9689662149444755,354,79787,5.0
3.934865119708537,958,79787,2.0
3.754217982447497,609,79787,4.0
3.817308706699463,1229,79787,5.0
4.07890960751863,207,79787,4.0
4.869299242424242,142,79787,5.0
3.7346722413031603,202,79788,4.5
4.082659562074924,628,79788,3.5
4.560979983698364,693,79788,3.5
3.8990322314508896,334,79788,4.5
4.331271479127999,12091,79788,4.0
3.5190188184293865,817,79788,5.0
2.4169260626092934,979,79789,4.0
3.9315816313169516,1776,79790,4.0
2.768956222614728,1319,79790,3.0
3.3367742757616115,3580,79790,4.0
3.480896965728788,1901,79791,2.5
3.5610166326211563,1211,79791,2.5
3.8935307946249615,2960,79791,2.0
3.7763281659832892,3467,79791,5.0
3.1049931703237688,10330,79791,3.0
3.3446424827214214,10365,79791,4.0
3.968783116182547,3818,79791,5.0
3.7385113849541862,1564,79791,3.0
3.225707232709593,5737,79791,5.0
4.029010625706526,6964,79791,1.5
4.186563741752176,6980,79791,3.5
4.007209686220878,16904,79791,5.0
3.4515195479816647,2370,79791,3.0
4.106332286845734,16592,79791,3.5
2.935096745770937,11566,79791,5.0
4.15154319636135,863,79792,4.5
4.1884349453775584,63,79792,3.0
3.609850963629506,147,79792,2.0
2.880234403661805,1659,79793,3.0
3.446523926009078,130,79797,3.0
4.855661350606865,183,79798,3.0
4.297713666991538,289,79798,5.0
3.8802056318929394,2698,79798,4.0
4.346515226684589,3068,79799,4.0
4.082447331206272,2648,79799,5.0
4.823089582134548,718,79799,4.0
4.049832906053986,10370,79799,4.0
3.0234399361322435,344,79800,3.5
3.5120609678782753,127,79800,3.0
3.362416360035138,763,79800,3.5
3.6142752286263367,787,79800,4.0
2.9585683245912597,323,79800,3.0
2.9242439313632165,1138,79800,2.5
2.9255175277842467,5227,79800,3.0
3.09902710311646,9082,79800,3.0
4.428000082744289,6,79801,3.0
3.6182627020704285,595,79804,2.0
4.554788426533872,199,79804,4.0
3.6837443842784214,1304,79804,4.0
3.1819184035859953,862,79806,2.5
3.146077106518283,1095,79806,3.5
3.2327720557325823,24,79806,4.0
3.000414285631142,940,79806,4.0
3.6631554403126136,291,79807,4.0
4.20049950989768,1663,79807,3.0
4.085122941075488,708,79808,4.5
4.599808743456571,4128,79808,4.5
5.0,352,79809,5.0
3.6055339750659856,1661,79809,5.0
4.438061718271585,2858,79809,5.0
4.8273931481838455,139,79809,5.0
4.428768568153382,1194,79809,5.0
4.262306603097281,1934,79809,5.0
3.8992221856747205,678,79813,4.0
3.6957341730142255,1354,79813,3.0
3.1052826104812117,871,79814,3.5
4.582323836787887,863,79815,5.0
4.424996691520237,116,79815,5.0
4.912059549958095,617,79815,5.0
3.918924203410625,82,79815,4.0
4.2448887439122895,98,79815,4.0
3.871792852875222,1674,79815,4.5
4.122410403539212,826,79815,4.0
4.48054171111417,479,79815,5.0
4.2506820370073735,492,79815,4.0
4.569051686233126,14,79815,5.0
4.177641074820393,169,79815,4.0
2.3212116361432558,1173,79817,5.0
3.9413126953379547,1698,79819,5.0
4.293073159869833,1843,79820,5.0
4.049027612289543,867,79821,4.0
3.9820781308069435,2874,79821,4.0
3.5152538228406116,2498,79821,3.0
4.284483247898251,861,79821,4.0
4.143058627168888,1772,79821,4.0
2.680498023417225,535,79823,3.0
2.5000493766075724,649,79823,2.0
1.8861666553504592,5396,79823,2.0
1.3878069700112057,6187,79823,1.0
2.796645459314661,1360,79823,1.0
2.407525801195003,1616,79823,1.0
2.4379720639244,3467,79823,2.0
1.3524246888792177,10824,79823,1.0
2.076844829819036,1444,79823,1.0
1.9886842917030063,4519,79823,1.0
2.7572119137661817,11431,79823,3.0
2.158413834730095,1725,79823,2.0
2.928073197595226,3798,79823,5.0
3.2185725608079387,3289,79823,3.0
2.883088514343923,268,79823,2.0
2.8343562644737417,278,79823,3.0
2.6718465743974784,5126,79823,2.0
2.316863910062926,11010,79823,2.0
1.7018652479392202,7260,79823,2.0
2.9616632052910243,10064,79823,2.0
2.1957851314774675,10810,79823,3.0
3.7997261792093515,1783,79824,2.0
4.285743967311103,150,79825,3.0
4.027106644085993,1671,79825,5.0
4.254786358735148,675,79831,5.0
3.6065966321613008,3062,79832,4.0
4.585700428423968,1656,79832,4.0
3.6414605588164513,2975,79832,4.0
4.139413173333125,578,79832,4.0
4.054796756543669,359,79832,5.0
3.8276314379648895,364,79833,4.0
4.229512987012987,537,79834,4.5
4.113957289055974,578,79834,3.0
3.9565674603174603,1965,79834,3.5
3.6386327561327563,71,79834,3.5
4.391515522875817,802,79834,3.5
5.0,59,79835,4.0
4.621816914660162,6107,79835,4.0
2.7398921025260554,2535,79836,3.0
3.6954911645509267,2976,79841,4.0
3.8242434988179665,599,79841,3.0
3.1138564512250366,1975,79841,3.0
4.415331532516294,876,79841,4.0
3.8110256056000735,141,79841,4.5
3.3007855576998426,87,79841,5.0
4.335123185651601,719,79841,4.0
3.642989131113188,2164,79841,1.5
4.077184320074005,339,79841,3.0
3.923074060409499,2212,79841,3.0
4.237361035651829,5380,79841,1.5
2.8983586490186433,3396,79841,4.0
3.774970399943359,3583,79841,3.0
3.663710358839785,834,79841,4.0
3.7633393564000857,8265,79841,3.0
3.4413862425300232,5766,79841,3.0
3.594166732289242,3637,79841,1.5
3.8607482629337575,634,79843,3.0
3.2183013227172923,3237,79843,2.5
2.133211028270037,48,79843,3.5
3.197716429785825,646,79843,3.5
3.2840790517270073,96,79843,3.5
3.726140289544319,1473,79843,4.5
3.283709827260966,1034,79843,3.5
3.404474483610148,3056,79843,4.0
3.6101924408318826,816,79843,4.0
3.66619485391146,1676,79843,3.5
3.594954637984921,5764,79843,3.5
2.4329819423386763,8396,79843,4.5
3.478458531919307,445,79843,2.0
3.685161847669712,5418,79843,4.0
3.153686683126493,4814,79843,4.0
3.4414779265449997,851,79843,2.0
3.829835996075942,1816,79843,3.0
3.17911904685261,10558,79843,1.5
3.5018010195172256,4482,79843,2.0
3.5667417070906953,2803,79843,3.0
3.630557892855984,22233,79843,3.5
3.0298202819274933,602,79844,3.5
3.113615438778393,1846,79845,4.0
4.093314526584254,2539,79846,4.0
2.922388818431621,960,79847,1.5
3.5965958676480785,186,79848,5.0
3.199077769346311,1154,79848,4.0
3.9295639792148744,358,79848,4.5
4.248517641811988,65,79848,4.0
4.197798411449306,660,79848,4.5
3.5230183442942393,1990,79848,4.0
3.3698657885166834,2099,79848,5.0
3.4142307985066935,892,79848,4.0
3.948257422443224,2218,79848,4.0
4.689422522632241,833,79848,5.0
3.9007696215257797,1059,79848,3.0
3.9136103772612723,1151,79848,4.0
3.5062294114700507,7175,79848,3.0
2.9872647001727937,9347,79848,0.5
4.38798791737751,853,79848,5.0
3.6033175675131055,1638,79848,5.0
3.043319396235312,7914,79848,4.0
4.306330832219111,12734,79848,5.0
3.841282594116228,4486,79848,4.0
3.029183369676791,1600,79851,2.0
3.418067453702129,610,79851,3.0
3.5643259078916176,632,79851,5.0
3.8011522967057307,41,79852,3.0
3.998320098337922,1976,79852,4.5
3.810496901977165,308,79852,4.0
4.123426832022371,4064,79852,4.5
3.6357370598481027,4218,79852,5.0
4.216720555290781,2778,79852,4.5
3.2586239524461726,364,79854,5.0
2.710544317334132,1552,79858,2.0
2.662271163795554,52,79858,2.0
1.9217262266189763,3357,79858,3.0
3.2746001622930305,719,79858,3.0
3.1306329586152013,183,79859,2.0
2.06245326813136,3657,79859,3.5
2.0430382616455045,1547,79859,1.5
2.970087323694566,2340,79859,2.0
3.053826342178705,2608,79859,1.5
3.395811532388708,613,79859,3.5
2.7987936745669018,1663,79859,4.5
2.3099682760755185,1845,79859,2.0
3.5592875678948106,663,79859,4.5
2.363817482424725,1605,79859,2.0
3.2804841490913916,1303,79859,3.5
3.0875781661854087,1987,79859,4.5
3.663831912439155,71,79859,4.0
1.9318117104189532,1134,79859,2.0
2.639934698541941,1364,79859,1.5
3.0925873236945662,1165,79859,3.0
3.101501889520897,1490,79859,1.5
2.8691388957936916,6339,79859,3.5
2.801913727272144,2351,79859,0.5
2.7262065624973912,2086,79859,4.0
2.3781668731227565,3345,79859,0.5
3.0935379042721416,1670,79859,3.0
2.7262519545500257,4566,79859,3.0
2.5738025743768396,6526,79859,2.5
1.8781363451008315,5134,79859,1.0
2.3161315442527153,3611,79859,4.0
3.378986547967395,728,79859,4.0
3.1242004441958393,482,79859,3.0
2.7658073775494043,993,79863,4.0
3.5556569485698906,346,79863,5.0
4.3058446327693,273,79864,4.5
3.3141122311144704,2343,79865,4.0
3.4109903231729857,2339,79867,3.0
3.373118482531766,343,79867,1.0
3.8208796578035464,140,79868,1.0
4.358340691805764,1633,79869,3.5
2.7771116375488956,1216,79871,2.5
2.27722802104056,1159,79871,3.0
2.965765307781876,756,79871,3.0
2.5845895913927124,2164,79871,1.5
3.3830408377115537,3629,79871,4.0
3.4147753974054575,410,79873,4.0
4.139534604163255,183,79876,5.0
2.689515934046945,1927,79876,2.0
3.7672950089126562,1576,79878,4.0
2.891972813553998,3488,79878,3.0
3.2741125093156236,3508,79878,2.0
4.257655873538226,45,79878,3.0
3.6442784480563386,206,79878,3.0
3.6940783330876212,1955,79878,5.0
3.410371148459384,366,79878,5.0
3.274292856579656,4917,79878,5.0
3.7421843352725706,1014,79878,5.0
3.386523862862899,8240,79878,4.0
3.5674245925219443,1336,79878,2.0
3.690948917793273,1345,79878,4.0
3.631151223647354,1358,79878,2.0
3.591554523160591,1561,79878,3.0
4.235640082034769,7,79878,5.0
2.204651359584235,1408,79878,2.0
3.698704481792717,55,79878,5.0
4.2503530821942155,1173,79883,3.0
4.396010050491676,619,79883,4.0
3.540616935179869,4678,79883,4.0
4.3449522553674,2253,79886,3.0
3.8142271470359708,1184,79888,4.5
3.6767758589449766,197,79888,4.0
3.7070745920745924,53,79888,4.0
3.95729480894922,615,79888,4.0
3.978137518711523,201,79888,5.0
3.5171680280503814,3240,79888,3.0
3.386477166811328,1982,79888,2.0
3.844689534676747,1667,79888,5.0
4.185482632480714,332,79888,5.0
4.1867297005054445,795,79888,5.0
3.9961344083965695,2384,79888,3.0
4.194455872258328,3392,79888,4.0
3.8450042563645503,1877,79888,4.0
3.6434317239439467,6782,79888,3.5
4.03608612644587,9007,79888,4.0
3.180104664605172,1057,79888,5.0
3.5570616814296656,5659,79888,2.0
3.402852435207056,366,79889,2.0
3.4239311471065093,15,79889,3.5
2.6677470665874807,4387,79889,1.0
3.1126072171292756,1188,79890,2.5
2.781150218245806,1840,79890,3.0
3.734276806003221,1457,79890,3.5
4.47573288064557,1830,79891,4.0
3.488956880466169,2013,79895,3.0
4.6854312223864625,9217,79895,4.5
3.5234796048063366,2123,79896,3.0
4.2122373294786435,115,79897,3.5
3.3616436488896477,989,79898,5.0
3.3681502664647884,36,79898,4.0
3.7366397805421037,1473,79900,3.0
2.738142802468875,27,79901,3.0
3.467893827123002,2340,79903,2.5
3.031499812640752,36,79903,3.5
3.407761736990912,1842,79903,3.5
4.150907904548844,2490,79903,5.0
4.148867159346334,1014,79903,4.5
4.258492150368384,71,79903,3.5
2.7645281031948343,3282,79903,3.5
3.4544086676746075,2409,79903,4.0
3.101744892852938,1486,79903,3.0
3.7523505737217766,1490,79903,3.5
4.027750035220996,3881,79903,4.0
3.409301110834048,1737,79903,4.5
2.607920908486933,3390,79903,2.5
4.0399864570113095,3629,79903,4.5
4.543446542811167,1675,79903,5.0
3.8582798381707777,1795,79903,3.0
4.298474317559873,4033,79903,4.5
3.683044841969239,525,79903,3.0
3.482104731616668,4146,79903,3.5
3.8285970824441944,2729,79903,4.0
4.438843798204552,1815,79903,3.5
4.105057494507565,8569,79903,4.0
3.4505659956917896,4415,79903,4.0
4.07479140712708,118,79905,5.0
4.391343446167071,614,79905,3.0
4.25142677746204,2638,79905,4.0
3.559731924359064,1476,79906,4.0
4.3322476924809985,1203,79907,5.0
3.563030137647011,1219,79907,5.0
3.7608350316464776,3352,79907,3.0
4.6199739446140375,1230,79907,4.0
4.012817555440882,73,79907,3.0
4.147119304565451,200,79908,5.0
3.7325514283491965,6881,79908,4.0
3.8600651833546573,3257,79908,3.0
4.353918685481185,225,79908,5.0
4.314121289399027,1715,79908,2.0
3.9059184486663967,2849,79908,3.0
5.0,612,79911,5.0
3.844728482609841,359,79912,4.0
3.722046578194119,8,79912,4.5
3.8400727466294478,2063,79912,4.5
4.216221954537015,377,79912,3.5
2.920169625539727,2212,79912,1.0
3.63892294577474,3517,79912,4.0
4.614726010763341,161,79914,2.5
3.9638100956692646,3417,79914,3.5
3.417441089232486,359,79915,5.0
2.6758563759861596,602,79915,4.0
3.9655091377298826,604,79915,5.0
3.059794766849894,742,79915,4.0
3.7152078256518677,121,79915,3.0
3.008029002739074,614,79915,1.0
2.0441579593189214,2614,79915,1.0
3.2203019764700898,1953,79915,2.0
2.8565318832962387,1018,79915,1.0
3.533180016687526,876,79915,5.0
2.783775524121269,246,79915,3.0
3.3927545713897898,1518,79915,3.0
3.2893885222342667,312,79915,4.0
2.4413066112129824,5401,79915,2.0
2.8238514246810085,146,79915,5.0
2.8943208063567116,791,79915,4.0
3.966126666361089,1025,79916,5.0
3.468621445387003,2191,79917,3.0
4.339086435895498,7192,79917,5.0
3.704630217640387,660,79918,3.5
4.168693024672038,98,79918,3.5
3.0551603375508924,308,79918,3.0
3.5784359653563285,2991,79918,3.0
3.3944392509794987,2931,79918,4.0
4.395027567260483,140,79920,4.5
3.284902414059831,1464,79920,4.5
3.5537082075581305,4755,79920,3.0
3.015345312124624,2341,79922,3.5
3.408086430553938,1597,79922,3.5
2.681626543506591,2612,79922,0.5
2.997688051443099,1663,79922,3.5
2.838834176559812,216,79922,3.0
2.8729543823344295,1314,79922,2.5
2.765091758846806,4840,79922,0.5
2.235225399715741,1337,79922,1.0
2.7902252839474366,2411,79922,3.5
2.847211860966908,1470,79922,2.5
3.0103810528861,369,79922,3.0
2.944119765154224,1508,79922,3.5
2.760886271182016,1863,79922,4.0
3.088479043227235,3667,79922,3.5
3.0015474913368103,318,79922,3.5
3.2409257261461093,2123,79922,3.0
2.3983040428428826,149,79922,2.0
2.734450996616421,6020,79922,3.0
2.9055399132502147,15415,79922,3.0
4.318836532867946,0,79923,3.5
2.978296733614912,2342,79923,3.5
3.8338505261845715,1000,79923,4.0
3.7355528952093087,2484,79923,3.5
4.387196648844162,163,79923,4.5
4.167720657904493,346,79924,5.0
4.077366864958308,623,79924,4.0
3.9715023256018958,1162,79924,4.0
4.357111700532092,373,79924,4.0
4.199504188217964,1700,79927,4.0
4.3129165675985215,693,79927,2.0
4.804592089648878,100,79928,4.0
3.774480633056951,865,79929,5.0
3.1372464001804032,1216,79929,1.0
3.26574086966221,640,79929,5.0
3.467331570199574,138,79929,2.0
3.7204619513990504,79,79929,4.0
4.178334086117806,59,79932,4.0
4.049554720690049,816,79932,3.5
4.277761062466945,2506,79934,4.0
3.512915406231196,2160,79934,2.0
3.6024981657115482,2371,79934,4.0
4.244567584001476,2599,79934,4.0
4.261908853000115,5803,79934,4.0
3.9021567445836896,850,79934,4.0
4.131352533331024,6942,79934,4.5
3.9744675491925574,360,79935,3.0
4.454802379192623,578,79937,4.0
4.1397489648650145,646,79937,3.0
3.6141801518685326,694,79937,3.0
3.3811538055440495,1134,79937,4.0
3.253485034926029,3276,79937,3.0
3.4149079488330925,1402,79937,3.0
3.8237831665212365,887,79937,4.0
2.9666800389727443,6266,79937,3.0
4.530352173475294,140,79938,5.0
3.591606160386464,346,79938,4.0
3.7291634812222996,2275,79938,5.0
4.039328990683197,1655,79939,5.0
4.85889340168677,358,79939,5.0
4.727698508070572,887,79939,4.5
3.65428839135968,266,79939,4.0
4.922553381882392,900,79939,4.0
4.640945803790985,417,79939,4.5
4.402189087380318,4468,79939,4.5
4.0442022210663255,1647,79939,3.5
1.0531830324195286,1614,79940,3.0
1.657324197408077,1340,79941,3.0
4.208524714695903,764,79942,3.0
3.875957346081701,6453,79942,4.0
2.7014556493229254,1653,79943,2.0
3.5663366278064874,1654,79943,2.0
3.2585966975450664,1552,79943,1.0
3.7130446349177664,348,79943,3.0
4.031953700583714,958,79943,2.0
4.733933187487775,2296,79946,3.0
3.1542341638539617,1896,79950,2.0
3.6277410590055936,732,79950,3.0
2.4830443879230533,2691,79950,1.0
2.884120363367719,1916,79950,3.0
3.7878542652438,622,79950,3.0
4.147149293066823,657,79950,3.0
3.39717641531595,3248,79950,5.0
3.9634031889550414,2397,79950,4.0
3.713174880769453,2861,79950,3.0
2.8543129915736665,3524,79950,3.5
3.769693746040249,5084,79950,4.5
2.8161725142543315,3934,79950,2.5
2.595379375505331,1581,79952,2.0
3.093731500507796,762,79952,1.0
2.8478796269976883,3424,79952,3.5
2.127671239839738,8260,79952,0.5
2.8016575933945544,4609,79952,3.5
4.462725509857225,1821,79953,4.0
3.035183733578636,49,79954,3.0
2.561625214286745,48,79954,3.0
2.9078200357007624,1607,79954,3.0
3.5356860607538834,7257,79957,3.0
3.3237190355940354,3080,79957,3.0
3.832243136413395,1655,79957,2.0
3.8419464891001893,578,79957,3.0
3.0598206151147327,193,79957,4.0
3.178593820834891,2955,79958,3.0
2.4638213836045932,994,79958,3.0
3.6465890803527916,51,79958,4.0
3.7809844058023594,347,79958,3.0
4.159644113945717,6098,79958,4.0
3.5692398945224024,305,79960,3.0
4.421353565448361,1171,79961,1.0
4.547477953154821,44,79961,4.0
5.0,796,79962,4.5
3.710576057838045,1952,79965,3.0
4.255284630435215,648,79965,3.0
4.725494665122945,82,79967,4.0
3.84661008457317,2049,79967,3.0
3.068618195474866,879,79969,3.0
2.9636380588923386,2176,79969,3.0
3.863044649101999,3,79970,5.0
3.763573716022173,1948,79970,5.0
4.054366927623759,1952,79970,5.0
4.024023033126293,1455,79970,5.0
3.193941682074674,1863,79970,2.0
3.4001168644473694,185,79971,4.0
3.613820599845071,100,79971,3.0
2.684541767235677,742,79972,0.5
2.1619645691602254,328,79972,3.5
2.797149769741341,334,79972,2.5
2.9524839713266866,19,79972,4.0
4.529570229481735,295,79974,4.0
3.6811960442565264,202,79974,5.0
3.3686041595732608,1606,79974,3.5
5.0,140,79975,5.0
1.9424740614997054,2728,79977,4.0
3.509254066131605,3076,79979,3.5
3.552712251707288,551,79979,4.0
3.7371585515947645,992,79979,3.0
3.5329187848255854,347,79979,4.0
3.2873675582743593,1631,79979,3.0
3.3577277536345544,62,79979,3.5
3.268994542401343,669,79979,2.5
2.1866893475961486,81,79979,2.5
3.682208828115629,1449,79979,4.0
3.216809456245669,1465,79979,4.0
3.5266009358359103,309,79979,4.0
3.23788043386046,10533,79979,2.0
2.0755049210064547,3365,79979,3.0
3.662386786701516,273,79979,4.0
2.090444417184383,5213,79979,2.0
2.7595093097502326,4565,79979,3.0
3.6640275333857817,12585,79979,3.5
4.577525418759466,354,79980,4.0
4.275273571134207,1128,79980,4.0
4.161143384481856,2488,79981,4.0
3.04436807944177,878,79981,3.0
2.708585820155017,3217,79983,1.0
2.2309095704062134,652,79983,1.0
2.3988533909876226,1964,79983,2.0
3.558846615986058,219,79983,3.0
4.370492256631105,1213,79984,4.0
4.581726203415979,745,79984,5.0
4.491066584266287,2890,79988,4.0
4.409805081243275,2957,79988,5.0
4.549042294947052,2259,79988,3.0
3.4629381009369706,11397,79988,3.0
4.035497632448851,358,79988,5.0
3.7216881086393285,3231,79988,5.0
3.1047833467345662,1941,79988,3.0
3.4662205581306322,1253,79988,5.0
4.316060514043416,2397,79988,4.0
4.154549414000633,1273,79988,5.0
4.338984251517133,699,79988,5.0
3.6549577063872003,227,79988,3.0
3.9232895738726614,2406,79988,0.5
3.9856527551039744,1366,79988,4.0
3.7564500134012326,2014,79988,3.5
2.8060463846936385,7281,79988,2.0
4.6252617403372,3118,79988,5.0
4.579664299115518,1137,79988,5.0
3.9194123181544827,2850,79988,4.0
3.6950353348877836,880,79988,5.0
4.338861843771875,2429,79988,5.0
3.815002703739295,6041,79988,5.0
3.69320134394962,790,79988,3.0
4.224707122439859,12061,79988,5.0
3.954981759432979,319,79988,5.0
4.104699615894832,5845,79988,5.0
4.351624426394713,3974,79988,3.0
4.043644618575739,9794,79988,0.5
4.624906117710738,2564,79988,4.0
2.9791299683982717,15998,79988,3.0
4.75036384950211,10527,79988,5.0
4.017426971781387,6975,79988,4.0
3.8624812743506953,7388,79988,3.0
4.0634979096502875,4663,79988,3.5
4.2445677071927665,11526,79988,2.0
3.9539664065078566,16592,79988,2.0
4.2811958814706506,17490,79988,5.0
3.5192834291750263,25793,79988,5.0
4.634318952880815,12422,79988,5.0
4.22193673181666,5871,79988,5.0
4.19890383352868,16083,79988,2.0
4.077971476335754,388,79988,0.5
3.9432985367538222,6392,79988,4.0
4.587248674235291,2756,79988,0.5
4.27249631045819,413,79988,3.0
3.8009598674234257,6772,79988,2.5
4.460033277827783,9282,79988,4.0
4.581424076217869,437,79988,4.0
4.31685431470774,499,79988,5.0
4.163875987529437,3500,79988,2.5
4.402759537210756,15,79988,4.5
3.6103985611704728,1062,79988,5.0
3.6843796876805994,525,79988,5.0
3.485875620785017,4869,79988,0.5
4.022799219750439,171,79988,0.5
4.180526598900288,2776,79988,5.0
4.427926015636634,2923,79988,5.0
3.332698204630573,4274,79988,5.0
3.9915672552558537,22784,79988,5.0
4.154436673436541,21,79988,5.0
4.441996402652676,13794,79988,5.0
4.215332836945089,7134,79988,3.5
4.770730547328175,25549,79988,5.0
3.5363488122537445,15518,79988,2.0
3.0840542256683663,27434,79988,2.0
3.7034740093901073,7053,79988,5.0
4.070451323291651,1685,79988,4.0
4.3210791611171455,36149,79988,3.0
3.5437976050929434,20307,79988,0.5
3.8327000134012326,182,79988,2.0
3.8829790929755363,6741,79988,5.0
2.9921798043740986,34656,79988,4.0
4.269855568150457,32366,79988,0.5
4.119483753000322,17273,79988,5.0
3.862542430009891,11739,79988,0.5
2.848297796300271,34666,79988,0.5
4.362901416030271,17289,79988,5.0
3.405244358191257,17291,79988,0.5
3.178383838383838,864,79989,5.0
3.4152840434419383,54,79989,5.0
2.6490697945845003,1011,79989,4.0
3.601892319884123,6,79989,3.5
3.1024966261808364,964,79989,1.5
3.0661728712464003,2153,79989,2.5
3.203091467356173,161,79989,4.0
2.9969950547714337,1889,79989,3.0
3.2505527317159215,3376,79989,3.0
2.921345653808555,925,79989,3.0
2.753923208286815,4495,79989,4.0
2.74430858478593,36,79990,4.0
4.3925448562733775,119,79991,4.0
3.1553160132029707,2147,79991,5.0
3.6257994222924825,809,79991,2.0
4.179253203871087,578,79992,3.0
4.21468710209462,1810,79992,3.0
4.114247952298464,141,79994,5.0
3.3364109309165397,4642,79995,3.0
5.0,539,79996,4.0
4.952331783442895,588,79996,4.0
4.711665121673291,202,79996,4.0
4.5580302668269095,1246,79996,3.0
4.221294932046816,363,79996,3.0
3.990539887799006,1340,79996,3.0
4.439349661398272,249,79996,5.0
4.5071023659677145,102,79996,2.0
3.6382742271963493,1228,79997,1.5
2.6637601893896314,5830,79997,3.0
2.563723562844355,863,79998,3.0
2.943297711300485,643,80002,4.0
4.242838599479076,273,80003,4.5
3.774630852308307,616,80004,5.0
2.2933696717129526,2080,80005,4.5
3.5867188549193187,1655,80006,3.0
3.226789605135638,1659,80006,3.0
4.969807760399965,366,80007,5.0
4.206565215054258,2215,80007,5.0
4.75978431962737,3364,80007,4.5
5.0,1140,80007,5.0
4.714322215140527,174,80007,5.0
2.95495909499159,363,80008,4.0
3.0541161289763266,1605,80008,3.0
3.749109903514062,140,80009,4.0
3.7160892583636085,991,80011,4.0
4.18545766601375,788,80011,5.0
3.5820511623866578,266,80011,3.0
3.6674793109626598,1039,80011,4.0
3.994593112073538,900,80011,1.5
3.4997012621963024,1154,80013,3.0
4.073915969711473,359,80013,5.0
4.759933433317958,319,80013,2.0
4.780133710117834,1002,80014,5.0
4.433804859823608,2846,80014,5.0
3.493703808372752,2620,80015,3.5
3.7107055675784584,1709,80015,4.0
3.8707622588389463,1601,80015,4.0
3.4451477591588078,1843,80015,3.5
3.2056503815364303,1965,80015,4.0
3.2610901425778316,5314,80015,4.0
3.6956446927807414,71,80015,4.0
2.9674693681054167,1365,80015,4.0
3.090985893141981,4791,80015,4.0
3.482258835646819,883,80015,4.0
3.345543855105314,13761,80015,3.5
3.99064953443032,273,80015,4.5
3.701612900726287,3386,80015,4.5
3.6300778487364624,2122,80015,3.0
3.224137866273915,335,80015,4.0
3.5974353043346934,4505,80015,3.5
4.051047697323886,2378,80015,3.5
3.1648390636989365,2667,80015,4.5
3.451637787901397,12686,80015,3.5
3.6225159350981153,19,80015,4.0
3.9266206687136633,3415,80015,5.0
3.010640961287942,13524,80015,3.5
3.3897963513380183,20144,80015,3.0
3.6325142939058463,15782,80015,4.0
3.5539781631036576,5188,80015,3.0
2.574048859415839,2744,80020,1.0
3.2923593372583433,852,80021,2.0
3.5609516612604737,1077,80021,3.0
3.0666821599419727,949,80021,3.5
2.083160251116677,1957,80022,4.0
3.3199640017457037,1551,80023,3.5
3.1755728688236426,350,80023,4.5
2.555238984871338,596,80023,3.0
3.1409665991902833,126,80023,2.5
2.8531009219109063,363,80023,3.0
3.12162328899171,138,80023,2.5
3.2972993286383376,98,80023,4.5
2.4758515177632825,99,80023,2.5
3.364599710389184,311,80023,1.0
3.8616309164422313,171,80025,4.5
3.824682242987372,637,80026,0.5
4.357511675964673,5898,80026,4.0
2.3567267895779755,1940,80027,2.0
3.119867745354222,292,80029,3.0
4.202321850751179,33,80032,3.0
4.474729806637811,1195,80032,4.0
4.162785124839841,597,80032,4.0
4.213505429898785,1328,80032,4.0
3.494974816548839,139,80033,5.0
3.5721150740495755,694,80033,4.5
4.035681940371456,169,80033,4.0
4.420669801337203,1092,80033,4.5
3.5091502184249213,1654,80034,4.0
4.036843434343434,140,80034,5.0
3.8248114385614382,37,80034,3.0
4.0557323232323235,38,80034,5.0
3.6619132827956355,591,80034,4.5
3.951168831168831,53,80034,5.0
3.9117518203734183,2266,80034,5.0
3.8372402597402595,2268,80034,3.0
3.5836282467532468,127,80034,3.0
3.6553583916083916,755,80034,4.0
2.37433610400036,212,80034,3.0
3.196139069264069,1280,80034,3.0
3.6529545454545453,1299,80034,3.0
2.9394768411681946,1312,80034,3.0
3.854455266955267,1321,80034,3.0
4.2634902597402595,71,80034,4.0
3.698046715063787,230,80034,2.0
3.547621212121212,76,80034,4.0
3.9604613898441556,4647,80034,5.0
4.130240591451892,1403,80034,5.0
3.816538184038184,881,80034,3.0
2.822982008673312,2426,80034,3.5
3.5292083572963207,2032,80034,2.0
4.427215124204758,2622,80034,5.0
2.9151064288985338,34129,80034,3.0
3.888279309012759,2042,80034,2.0
3.6111688311688313,1466,80034,3.0
3.498476523476523,1470,80034,4.0
3.534973776223776,98,80034,4.0
3.7986868686868687,783,80034,5.0
3.640816062606856,1500,80034,4.0
3.19771645021645,2049,80034,3.0
3.081912039892669,10196,80034,3.5
3.716832330958505,2351,80034,3.5
3.887779106858054,3162,80034,5.0
3.8908384868726147,2095,80034,4.0
3.0508785775603204,3168,80034,4.0
3.7546444903427076,339,80034,3.5
3.573303033522536,3604,80034,4.5
3.3081319047311073,5383,80034,3.0
2.607899221268958,16074,80034,2.5
2.975163360232139,1054,80034,2.5
3.7149195208001475,1678,80034,4.0
2.515432277290258,2603,80034,3.0
3.9682584756779278,13654,80034,4.0
3.8546355167300805,412,80034,4.0
4.104538219563663,1545,80036,2.5
4.694900234307028,116,80036,3.0
3.4335996971241816,2347,80036,2.5
3.167936507936508,49,80037,3.0
4.064710573224505,2346,80037,3.0
3.841881692868535,365,80037,5.0
2.378531746031746,2038,80037,2.5
3.2566475943390243,1036,80037,1.5
3.6281450749410724,5793,80037,3.5
3.6267396721572656,354,80038,4.0
2.6211316849044928,3342,80038,4.0
2.60622221932759,336,80038,4.0
3.125931949590518,93,80039,4.0
2.9290930892910563,1945,80045,4.0
4.216095081602115,8,80045,5.0
2.7840289612921194,2037,80045,2.0
3.9615539974888305,479,80045,4.0
3.8637783770628267,863,80046,3.0
4.709559400230028,787,80047,4.0
4.625330109452031,270,80047,4.0
4.298733623402741,169,80047,4.0
4.751527660121575,4868,80047,4.5
4.767635968157665,1710,80048,4.0
3.562765582352791,86,80048,2.0
2.3243777664319443,1829,80049,3.0
2.6980197737194622,57,80049,3.5
3.316444272196648,2957,80049,3.0
2.389801896395548,1157,80049,4.0
3.320108395452047,604,80049,3.0
3.4582252785689302,1601,80049,3.0
3.1648892967403013,126,80049,3.5
2.520681017274669,2542,80049,3.0
3.4337664041100555,663,80049,3.5
3.0947323132009648,4840,80049,2.5
2.0592417620854135,1854,80049,3.0
3.1844319885256405,712,80049,2.5
3.0988502785689302,2015,80049,3.0
2.0436129168987502,2026,80049,3.0
2.520976464457351,3745,80049,3.0
2.6705710577897093,2034,80049,3.5
3.0175497917750222,1473,80049,3.0
2.9087574424834473,2313,80049,3.0
2.77227567386554,3341,80049,3.5
3.1615277452626573,3179,80049,3.0
3.3580670041571694,374,80049,4.5
3.423144306909011,1635,80049,3.5
2.3062994135128583,5470,80049,3.5
1.9987965662787102,3390,80049,3.5
2.1768359011346883,22852,80049,2.0
2.867980440150199,3600,80049,3.0
2.2366717072536995,10880,80049,2.5
3.1728625343854353,810,80049,3.0
3.195909867937286,10169,80049,3.5
2.322069748388701,2232,80049,2.5
3.116922757560527,834,80049,3.0
3.6832223194367297,394,80049,3.5
2.952999226006192,1898,80050,4.0
4.480003454009621,286,80050,3.5
3.6277174210787657,738,80050,3.5
3.7270000268049803,290,80050,4.0
4.036106269070714,604,80050,4.5
3.6573949579831933,1942,80050,4.0
3.894655209873128,746,80050,4.0
3.897693753194379,1959,80050,4.5
3.4819210119945416,1343,80050,3.5
3.6126984126984127,1428,80050,4.0
3.7161720135260663,4848,80050,4.5
4.669347552528648,5517,80051,5.0
3.354816926701485,1552,80054,4.0
4.154702103806963,364,80054,3.5
3.7209258694828415,2347,80054,5.0
4.909443075960574,147,80054,5.0
2.9185497502566187,119,80056,3.0
4.1090227545970786,874,80059,3.5
3.3298854789926446,97,80062,4.0
4.1248583644140595,578,80064,4.0
4.400837627727106,2613,80064,4.5
3.6527950277788275,940,80064,3.5
3.473035555901122,3200,80067,2.5
3.457261608324326,572,80067,4.0
3.5792145852051513,738,80067,3.0
3.7183191400705757,620,80067,3.5
3.682349505840072,744,80067,3.5
3.4999704633139705,362,80067,2.0
3.6444129979035638,754,80067,4.0
3.6946298725322033,1985,80067,3.5
3.714104625720192,1986,80067,3.5
3.476754267744834,138,80067,3.5
3.3194919865477703,1366,80067,3.5
3.0029948692485933,2035,80067,3.0
2.981352594254925,135,80067,4.0
3.5803411710376194,787,80067,3.5
2.17235866334923,2100,80067,2.5
3.9225812901336936,2447,80067,4.0
3.161654159519726,1049,80067,3.5
3.2745028416648796,817,80067,5.0
2.1485613604004343,2858,80069,3.5
3.050822861163378,1415,80069,3.5
3.045937989184285,123,80071,5.0
2.784368716005013,1663,80071,4.5
2.9620075485238915,655,80071,5.0
2.778551207637748,83,80071,4.0
3.348329664685597,623,80072,3.5
2.919618807483691,1953,80072,3.5
3.128775607558465,131,80072,3.0
3.8238555277114594,102,80072,2.0
2.8034201482760803,1674,80072,3.0
3.9308972971472973,624,80073,4.0
3.4545391414141413,1299,80073,4.0
3.3267616514690985,35,80074,4.0
3.7068999232850017,992,80074,4.0
2.7745736790006625,3086,80074,2.0
3.114486785382313,2388,80074,3.0
3.262444547004935,3542,80074,4.0
3.622037782621343,359,80074,3.0
3.5348568895643364,1250,80074,3.0
3.73164718260463,647,80074,3.0
2.0127088986663457,3579,80074,3.0
2.4061116995590646,1281,80074,3.0
3.50207068158076,1295,80074,3.0
3.443018859173675,1014,80074,3.0
3.0945976729744746,718,80074,3.0
3.5996454674494642,4788,80074,3.0
3.8143403203635566,239,80074,4.0
3.460987841945289,1419,80074,2.0
3.4935780295354766,1667,80074,2.0
2.51807453303198,103,80074,3.0
3.952155701863149,1506,80074,3.0
3.0534708443435727,310,80074,3.0
3.2636800017236203,3788,80074,4.0
3.1319144007665844,1543,80074,3.0
2.5292862725789673,1544,80074,2.0
3.9061107243377533,1431,80076,4.0
4.274543448277994,334,80076,5.0
3.7994283367672055,809,80076,4.0
3.900349178460847,2762,80076,5.0
3.7699674609467086,520,80076,5.0
2.599602756527106,37410,80076,4.0
4.3653152887454425,182,80076,4.5
4.76128001261579,587,80077,5.0
3.1536351428365803,81,80079,3.0
2.5047638917624044,2851,80080,3.0
3.968236585395548,115,80080,4.0
4.160370849423632,993,80081,5.0
3.7026785581112036,356,80081,4.0
4.206926731182126,116,80081,5.0
3.5723660740656356,755,80082,5.0
3.8122597001763667,225,80082,4.5
3.440330070137217,228,80082,3.0
4.291179877221544,1418,80082,4.0
3.961270689187356,781,80082,4.0
4.8497378178189585,788,80082,4.0
4.193369822133263,2111,80082,3.5
3.5993440891023254,5085,80082,4.0
3.2573943113284693,9817,80082,3.5
4.3675727253864505,852,80082,3.0
3.6209297490849823,1643,80082,2.5
2.3105568785876844,8597,80082,3.5
3.644214534541938,1688,80082,3.0
5.0,0,80084,5.0
5.0,286,80084,5.0
3.3992009744100273,345,80086,5.0
3.9671073161188986,115,80087,4.5
4.3746321688067775,1247,80087,5.0
3.010940789629314,1662,80088,3.0
3.713128634464218,738,80088,4.0
4.033736817131224,1931,80088,4.0
3.7786866303898607,3445,80088,4.0
4.258729496020962,1000,80088,5.0
3.5741299652198055,2707,80088,4.0
3.604007566886666,201,80088,5.0
3.5261644548529794,668,80088,3.0
3.8488149251470603,3701,80088,1.0
3.7879806941692182,687,80088,4.0
3.7290095192741077,2492,80088,4.0
2.877611700417872,1566,80088,3.0
3.8443340344234755,2472,80088,1.0
2.7096432757166884,437,80089,0.5
2.5387923657197398,3637,80089,1.5
1.5463563429362777,4283,80089,0.5
2.2731141372034758,8329,80089,4.0
2.373732504983524,954,80089,4.5
1.917844696614533,6742,80089,2.0
3.779133896575302,749,80090,5.0
4.116272716722044,354,80091,4.0
2.7236633197183258,1001,80094,4.0
3.6082004942848314,348,80096,4.0
3.4193207629051,1776,80096,2.5
3.411302921979073,865,80096,4.5
3.876510689524375,294,80096,3.5
3.2887376305620055,2541,80096,3.5
3.696660973123099,312,80096,4.0
3.808512182973629,1178,80099,4.0
3.613463941716275,2343,80099,5.0
4.189615344661156,2638,80099,4.0
3.8079272817294867,663,80099,5.0
4.017950231113932,71,80099,5.0
4.27704970124025,703,80099,3.0
3.092454107258785,3657,80100,3.0
4.345205028220235,588,80101,3.5
3.487376942486819,1023,80101,2.5
3.672368315588521,185,80102,4.5
4.5660044346440625,98,80102,4.5
4.049265923760809,319,80102,4.5
4.114772704650423,1671,80102,4.5
3.7310125597421706,2677,80102,2.5
4.058604580011902,1681,80102,3.0
4.1641078486730665,489,80102,3.5
3.6880857612221813,3409,80102,3.5
3.221874322608338,1810,80102,4.0
4.212100444814133,29,80103,4.5
4.793885975717726,538,80103,4.5
4.572659114491277,253,80103,5.0
4.337464760575516,4606,80103,5.0
4.180526443075276,224,80105,5.0
2.668068496228308,1402,80106,3.0
3.2358096348143364,1428,80106,3.0
2.7218799387050914,143,80106,3.0
3.0257894393150933,3642,80106,1.0
3.203547121561235,2320,80106,3.0
3.2409104317995077,3945,80106,3.0
3.757239141260307,1184,80107,3.0
3.358516204485874,864,80107,4.0
3.74016681161712,1186,80108,4.0
3.3448701565344323,1551,80108,3.0
1.9288953363361947,1834,80112,3.5
3.1482959318538257,79,80112,0.5
4.22184383826114,578,80120,4.0
4.361165893627193,958,80121,3.0
3.0879905801860303,1926,80121,4.0
4.118788361835962,1966,80121,3.0
3.9495841231059594,816,80121,4.5
4.028082866384233,136,80124,4.0
4.465046307284285,116,80124,5.0
3.2187957846496746,1331,80124,4.0
4.0270732922048715,710,80124,3.0
4.136844430079724,766,80124,4.0
4.417855161675495,777,80124,5.0
4.3383746968900505,373,80125,5.0
2.686982542504418,53,80126,2.0
2.02724242352495,294,80126,4.0
2.7719950880358586,147,80126,3.5
3.6852908871280743,1267,80129,4.0
2.01459251349855,1172,80130,3.0
1.638143838977373,1909,80130,1.0
2.027237871986847,1914,80130,3.0
2.5194388873933833,288,80130,4.0
1.6038201723840815,3556,80130,2.0
2.130218834662663,1211,80130,1.0
2.4538788203707114,2706,80130,3.0
2.62710818753731,54,80130,3.0
4.2506329837218395,102,80131,3.0
3.8269255240513202,536,80132,4.5
4.464422426658517,116,80132,3.5
4.142591319040644,2490,80132,4.0
2.1203406505914466,3312,80132,2.0
2.1410318193167552,2061,80132,1.5
3.7344185352294503,15850,80132,3.5
3.9715159209250657,824,80132,3.5
4.222436015451905,833,80132,2.5
3.907597889344829,2759,80132,4.0
4.106277610303561,4139,80132,4.0
4.059312869632684,5666,80132,4.0
4.148011624909711,5891,80132,3.5
3.7061116859286587,1090,80132,5.0
3.1005266829034674,937,80132,4.0
4.020926752584552,2792,80132,2.5
3.2989555773313732,1109,80132,4.0
4.73400281045824,183,80133,5.0
1.7125249507350193,1310,80134,2.0
2.1181437509567074,1667,80134,3.0
2.68597423624187,10468,80134,2.0
2.2545213412002454,3484,80137,3.0
4.86424151393269,300,80140,5.0
4.635286779310776,1367,80140,4.5
5.0,6256,80140,4.5
4.874316266910805,1675,80140,5.0
4.327661378414296,2752,80140,4.0
4.158350636594569,4033,80144,5.0
4.524216149965467,18,80144,4.0
4.1870850036732294,2780,80144,4.0
4.580830176633018,599,80146,1.5
3.9447509553921782,8532,80148,4.0
3.7559409369472947,3227,80148,4.0
4.085824005274216,2666,80149,4.5
3.3928048316625903,151,80152,3.0
4.437524637821151,955,80153,3.0
4.554633620287581,347,80156,5.0
3.2423480925846886,36,80161,4.0
3.7269247446362526,579,80161,3.0
3.9884069156745503,985,80162,4.5
3.8939361982741465,796,80165,2.5
2.7980183656086535,113,80166,3.0
2.477681984680583,35,80166,2.0
2.8410510270032017,51,80166,3.0
4.769605626984849,354,80168,4.5
4.621059318641286,1109,80168,4.0
2.59821630827755,192,80169,3.0
3.1133934180831737,1995,80171,5.0
3.174171233241125,51,80172,5.0
4.480972088735589,3624,80173,4.0
3.9624309450961386,593,80173,4.0
3.6445119314555625,1222,80173,3.0
3.8777847094022535,612,80173,3.0
3.94701851829098,742,80173,2.0
4.097920071518114,631,80173,5.0
3.657446080639712,296,80173,3.0
3.267712141333404,640,80173,3.0
3.7142278976788816,222,80173,3.0
2.839027900391744,4531,80173,4.0
4.320285244003119,784,80173,5.0
2.6674042710990635,251,80173,2.0
3.4399430929062826,3947,80173,3.5
3.3121244047665654,151,80173,3.5
3.6631685955699758,345,80175,4.0
3.521502136606256,995,80176,3.0
3.3036973798799667,1202,80181,4.0
1.810575129966383,3537,80181,3.5
2.8224880413440308,958,80181,3.0
1.7037783258159767,2844,80181,2.5
2.9249504808652937,126,80181,2.5
2.468750667606657,1944,80181,4.0
2.6986713025272917,1955,80181,2.5
2.213115746971736,1607,80181,3.0
2.4043580215216336,11916,80181,2.0
2.750006825242125,1321,80181,4.0
2.5804319995597282,695,80181,2.0
2.237630802994145,2287,80181,2.0
2.880018484756827,764,80181,4.0
2.7227526019007744,5150,80181,4.0
2.660960333113939,1397,80181,3.0
2.671952573607301,3741,80181,1.5
2.3855876932006472,4677,80181,4.5
1.7407311263240473,5157,80181,3.0
2.3976792390352286,2836,80181,2.0
2.845699330904302,2063,80181,2.0
0.9771341166543435,8883,80181,1.5
2.4491278172017665,12494,80181,2.0
2.849736112984137,2473,80181,3.0
0.9402070114095591,5726,80181,1.0
2.0681969661859974,2144,80181,3.0
2.2066151077781977,9160,80181,1.5
1.5442254433364784,2174,80181,2.0
2.735861603651985,2627,80181,3.0
3.4344748739558635,380,80181,2.5
2.1406533857276764,6155,80181,3.5
1.7245800744694209,18028,80181,1.5
2.4184166878648568,5494,80181,2.0
2.6491284704286233,7397,80181,3.0
1.1675217868205787,12557,80181,1.5
2.8683750319388173,2212,80181,3.5
3.1472399951431265,2618,80181,3.5
2.876329286406937,3629,80181,4.0
2.514779550355484,13643,80181,3.0
1.8780170755919061,5870,80181,1.0
2.9971598289339565,7211,80181,1.0
2.1859554325579653,7946,80181,2.0
2.3662735140559112,1880,80181,2.0
1.559725368627936,2241,80181,2.0
2.0962629172556997,8256,80181,3.0
2.1881128380819708,24503,80181,1.5
2.8155349943909838,162,80181,2.5
2.850071942323244,7516,80181,3.0
2.045840457284796,497,80181,4.0
2.225461759603996,7078,80181,2.0
2.7630785286917066,4127,80181,2.5
2.470047137539773,912,80181,1.5
3.1838833995704636,16,80181,4.5
3.317007688363678,173,80181,3.0
2.0528365121337635,4301,80181,1.5
2.8663671522448806,1816,80181,4.0
2.368866797667574,21774,80181,1.5
2.686211385956816,10560,80181,2.0
2.0878294161637916,8674,80181,4.5
2.087356703912963,4488,80181,2.5
0.5,36481,80181,1.0
2.405853820426543,4712,80181,3.5
2.534733951087772,9599,80181,3.5
2.7049272943331366,26,80181,3.5
3.2482964424718688,5910,80181,2.5
2.729836745229947,20111,80181,1.5
0.5685070718185066,35401,80181,2.0
3.2141869451199674,4833,80181,3.5
3.095742270848042,7240,80181,3.5
2.2847836382339124,2054,80184,3.0
1.9321166064855742,32,80188,3.0
2.554862181082163,2544,80188,4.5
3.2289176481325157,2713,80189,3.5
3.6921315094346117,666,80189,4.0
3.812577068992014,1982,80189,3.5
2.9453239980882806,2543,80189,3.5
2.9418631640950443,3068,80189,4.0
2.570062983060745,75,80189,3.5
3.7112981556814546,3742,80189,3.5
3.1507597776079734,3866,80189,3.5
3.290786481509864,4734,80189,3.0
4.062451512269951,9916,80189,4.0
3.6906723969913258,4015,80189,3.0
3.414314937415867,29,80190,4.0
3.6821224179959327,139,80191,4.5
3.2347108147878725,67,80191,4.5
3.1553581457580795,1099,80191,3.5
3.583189373605236,185,80193,4.0
3.144756191781034,646,80193,3.0
3.826993115130489,325,80193,2.0
3.701735515814017,1554,80195,4.0
3.7563064195691314,1547,80195,5.0
3.4477955023817435,1177,80195,4.0
4.275857553289063,34,80195,5.0
2.676887921927246,1156,80195,4.0
3.9782666296095126,958,80195,5.0
3.025272606890582,1940,80195,4.0
3.924832826365736,205,80195,4.0
3.632985652876309,1008,80195,4.0
3.8952973402524527,1013,80198,2.0
3.635269038651691,1355,80198,1.5
3.2315316094032673,1803,80203,5.0
3.7736951789890267,1007,80205,3.0
2.5046576372179326,64,80205,2.0
3.1900723606309143,2347,80205,3.0
2.7177900032652422,2141,80205,1.0
4.020623015400492,536,80206,4.5
4.405050923311793,117,80206,3.5
4.1681493930905695,584,80206,4.0
2.472798348273689,3309,80206,0.5
3.4154555443605874,115,80207,5.0
2.3162950156772233,5088,80207,1.5
3.6328403828449467,25,80207,5.0
3.9848188851694615,345,80208,5.0
4.458032000456749,578,80208,5.0
3.3927268976635427,363,80208,2.0
3.9107310036025202,2639,80208,3.0
4.2598531225590435,141,80208,5.0
3.5762564698242265,993,80209,4.0
4.475434560946625,2255,80209,5.0
3.59493834461756,1707,80209,5.0
4.446360629366064,1160,80209,4.0
4.962334698263913,2908,80209,5.0
2.82881958795169,1776,80213,3.0
3.8266971116061255,1158,80214,2.0
4.039663336557645,3445,80214,5.0
3.2297375223200606,648,80214,5.0
4.06572618183184,71,80214,4.0
4.12846127881147,1479,80214,4.0
4.24412857448864,144,80214,4.0
4.244431691604133,3174,80214,5.0
4.477450347479802,324,80214,5.0
3.275705745816836,4849,80214,1.0
4.32338562566822,897,80214,4.5
3.0945294218445887,299,80215,3.5
4.344463657472558,693,80215,4.0
3.760126063774098,339,80215,4.0
3.350055941142552,152,80215,2.0
4.004150248571754,2226,80215,4.0
3.837045466099325,824,80215,4.0
3.0545547057170293,344,80218,3.0
4.231683680801633,1458,80220,5.0
4.220957519915069,10142,80223,5.0
3.6596672652212496,4961,80223,5.0
4.608019415383989,116,80225,4.0
4.375178826115117,613,80225,3.0
3.5962564941577506,298,80227,4.0
3.7156804932383305,1946,80228,3.0
3.71240005839257,1314,80228,3.0
1.9383089023188032,184,80229,2.5
2.326050605060506,33,80229,2.5
2.6520618413886923,1658,80229,2.0
1.9054950495049505,994,80229,1.5
1.957161716171617,356,80229,1.5
1.950433721943623,195,80229,1.5
2.9002813742912754,612,80229,3.5
2.6492274041068704,121,80229,2.5
2.462511644021545,123,80229,2.0
2.275661716171617,623,80229,2.5
2.6855705989555,1633,80229,2.0
1.9329567881677512,5172,80229,0.5
2.270614097123998,2547,80229,2.0
1.9696736851348573,2000,80229,2.5
2.0144989962191646,3035,80229,2.0
1.732846239981141,234,80229,1.5
2.205595300131517,1666,80229,2.5
2.8432069353202847,1479,80229,1.5
2.4143569746168754,964,80229,2.0
2.5105849187859963,1526,80229,2.0
2.23371478184233,1669,80229,2.0
1.5723021714491026,7068,80229,0.5
2.348272330704094,4018,80229,2.0
2.76051885902876,2192,80229,2.0
2.381411716171617,824,80229,3.0
3.813846611630803,1933,80230,4.0
4.349540807809375,196,80230,4.5
4.636753827129575,45,80230,5.0
4.029651188128494,745,80231,3.5
3.481097848598138,1219,80233,5.0
4.603383501710014,1329,80233,3.0
3.7023098626163145,1208,80234,1.0
3.7783356706814057,66,80234,5.0
3.237141902639335,824,80234,3.5
3.346380460787507,838,80234,3.5
2.7531484288624304,4776,80234,2.0
3.7360231004627558,492,80234,4.0
3.0655042117895253,8259,80235,3.0
1.9492503192931638,3961,80236,1.0
2.644452399666086,3420,80236,0.5
3.4909326385386326,6249,80236,3.5
3.203611717500606,623,80236,4.5
2.686085742658455,1240,80236,4.0
1.964148638106479,1286,80236,1.0
3.4914980189880556,760,80236,4.0
3.154076646090535,1015,80236,4.0
3.221174501938391,3963,80236,4.0
3.094959675098564,144,80236,4.5
3.2958161451242254,3969,80236,3.5
3.283885317712967,3525,80236,4.5
3.361301445958217,2149,80236,3.0
3.280272793352859,434,80236,1.0
2.99733828913159,3405,80236,3.5
2.3466661685979244,705,80239,3.0
3.3907107454590486,675,80241,5.0
3.303369545102139,8043,80243,3.0
4.189149178762046,1876,80244,3.5
2.832306018053879,2667,80244,3.0
2.38035014591335,989,80246,3.0
2.2244808377896614,1661,80246,3.0
2.3844654930937894,1156,80246,3.0
2.418285677529203,6282,80246,2.0
2.945382730015083,1552,80246,1.0
2.960062342069695,289,80246,2.0
3.5789730286053816,351,80246,5.0
3.4305676184352656,1005,80246,4.0
3.2385878582202112,53,80246,3.0
3.2127155605832076,754,80246,5.0
2.1790717319316393,1947,80246,3.0
3.1373438293446037,1010,80246,3.0
2.61657313683049,2542,80246,4.0
2.615073037318613,2981,80246,3.0
3.2162966174692182,3703,80246,3.0
3.2378447532859296,366,80246,3.0
3.5034272875816996,3267,80246,5.0
2.7016937564499486,82,80246,4.0
2.248111907806601,715,80246,2.0
3.3642261904761908,883,80246,4.0
3.430931151874549,2088,80247,5.0
4.114284113473647,2626,80247,4.0
4.484317330756115,189,80248,4.0
4.256058862103476,606,80248,4.0
4.082341453918593,2,80249,5.0
3.1040257674173333,989,80251,3.0
2.7557719421171285,342,80251,4.0
3.5443081488634927,346,80251,3.0
4.523423024453486,55,80252,4.0
2.4510359861871684,1547,80253,1.5
3.274599138720909,1154,80253,5.0
3.879405640268897,738,80253,2.5
3.653283991449879,141,80253,5.0
3.9573694199103078,777,80253,4.0
3.5826918251882085,883,80253,2.5
3.526223205014093,308,80253,3.0
3.9393147980615684,887,80253,4.0
3.2103752517977187,2080,80253,4.0
3.859451757862211,1784,80253,2.0
3.03792865234454,975,80253,1.5
3.3236537605696483,325,80253,1.5
3.993293769683342,374,80253,3.0
3.5881288831452065,1047,80253,4.5
3.741010055189486,2582,80253,3.0
3.646642891004431,161,80253,2.0
3.428150513816402,162,80253,5.0
3.9088278844501496,163,80253,4.5
3.7173516989902518,4061,80253,4.0
3.0029984077818095,8792,80255,2.0
3.6480014463235086,1198,80255,5.0
3.877950934462982,1199,80255,3.0
3.80119304697872,980,80255,3.0
3.891436426868004,183,80256,4.0
4.804951227532019,366,80257,4.0
4.678191385691374,858,80257,4.5
2.8197937839164195,987,80258,4.0
3.7367981552651073,1442,80258,3.5
4.041513378220516,98,80258,4.5
2.9548008198803712,1674,80258,3.5
4.227537359129698,1053,80258,4.0
3.40738449660883,162,80258,3.5
3.235106400382563,4062,80258,3.0
3.861372634148797,452,80258,2.5
3.062131324911888,519,80258,3.5
3.3206420808765738,11961,80258,3.5
3.0192131977913204,3407,80258,3.0
4.0599750660493275,6194,80258,4.0
4.359762767685831,10207,80258,4.5
3.297825760882999,1079,80258,3.5
2.8013922911075193,5687,80258,3.0
3.815371252001478,4892,80258,4.5
4.148491479856651,4953,80258,4.0
2.5385428935084553,9803,80258,2.5
2.0978768671864088,35037,80258,2.5
3.2628504000280656,9389,80258,3.5
3.3517115020966126,7048,80258,3.5
3.4004169109504265,179,80258,3.0
1.9332152203510125,1104,80258,3.5
3.320678334068991,5185,80258,3.5
4.071230762053053,21264,80258,4.0
2.544483360558997,33569,80258,3.5
4.304777461208382,2735,80259,5.0
3.61859772554157,93,80259,3.0
3.947936274462853,54,80260,3.0
3.4098432410501376,34,80261,3.5
3.2769490847678235,2542,80261,2.5
3.0251646155820384,973,80261,3.5
2.8682223006210577,889,80261,2.0
3.504930992995475,2754,80261,3.0
3.648726199866512,410,80261,4.0
3.4254922538730637,15,80261,4.0
3.412073344280241,175,80261,2.5
3.7430975366825168,1643,80261,4.0
3.532216255210351,4473,80261,3.5
3.290001241083187,5188,80261,3.5
3.528168149953646,5532,80261,4.0
3.2283345885769226,5921,80261,3.0
3.562560005442999,366,80262,2.5
3.816431799735812,8,80262,3.5
3.380674321338255,5736,80262,4.0
3.1270938855206096,2196,80262,1.5
3.3434294091110743,5693,80262,0.5
2.8529209986436084,1773,80262,3.0
2.7867901746278485,6382,80262,3.0
3.090569923371647,26,80262,2.5
3.801041053368079,2268,80265,3.5
2.6749892171417575,70,80265,3.0
3.7952639307208096,3905,80265,3.5
4.265125501420899,596,80268,4.0
4.3817360402120125,599,80268,5.0
4.5320124225851774,119,80268,5.0
4.317374600115133,756,80268,3.5
4.20677603089941,300,80268,5.0
4.102241795378462,374,80268,5.0
4.06092218668844,835,80268,3.5
4.183647353678313,162,80268,4.0
4.165564954051796,180,80268,5.0
3.296584172025683,686,80269,4.0
3.3696868493453858,302,80269,3.5
3.6307873838289884,117,80270,5.0
3.780917437267758,758,80272,4.0
3.7808420676867702,201,80273,4.0
3.3911776330766474,2637,80273,4.0
2.985425166261999,2910,80273,2.0
3.1334408248269745,2551,80273,3.0
4.1436604051190145,3230,80276,3.0
2.2853054829439827,3551,80277,3.0
4.266047881575076,617,80278,3.0
4.383471704700152,169,80278,2.0
4.659479635609399,1646,80278,5.0
3.149059280416309,5805,80280,3.0
3.100459402005611,1157,80280,5.0
3.921359164860867,732,80281,4.0
4.170601589103291,354,80281,4.0
4.134667245668949,596,80281,4.5
3.470502382754085,610,80281,4.0
3.414653616404747,1262,80281,4.0
4.419151372653075,677,80281,4.0
3.5352719187736215,4917,80281,4.0
4.046169770921473,1355,80281,4.0
4.005839684341387,1373,80281,4.5
3.9977172810818358,3781,80281,4.0
4.288251161752864,144,80281,5.0
4.289174335197508,3788,80281,3.0
2.8857187642120454,3814,80281,4.0
3.632593595002839,3293,80281,2.5
4.503416418730454,2163,80281,4.0
4.461560431731252,2357,80281,4.5
3.664837117755241,2167,80281,2.5
4.487302782240165,2447,80281,4.0
4.2347838880568895,5362,80281,3.5
3.267069218807573,482,80281,4.0
4.235625600684209,1072,80281,4.5
3.6673527546044573,18,80281,4.0
3.6860432933834693,1186,80284,5.0
4.157898939198279,39,80285,4.5
3.946841402970874,273,80285,4.0
3.4401598278746386,873,80288,4.0
3.6171474779901747,2487,80290,2.5
3.6203618091431022,347,80290,3.0
2.7531301513625537,40,80290,2.5
3.6569575482265013,1234,80290,4.0
4.285184024776721,660,80290,5.0
3.69378286039451,2907,80290,3.5
3.4734237592536683,1412,80290,2.0
3.4138313681083954,1465,80290,4.5
3.5086060926426685,2493,80290,4.0
3.4794150971745768,2111,80290,4.0
3.8916208964837335,339,80290,3.0
3.555208820565973,2570,80290,4.0
3.7771965400392364,1751,80290,3.5
4.13476810938019,355,80291,4.5
3.7184990788098773,1208,80291,4.0
3.9449782600440497,638,80291,5.0
4.52273101898102,653,80291,4.0
4.085846743898214,702,80291,4.5
3.4454778056330992,1424,80291,3.5
1.4098711660291214,2614,80294,2.0
2.0305467597418057,241,80294,4.0
2.8696757473663643,309,80294,3.0
2.401896140973763,4047,80294,4.5
2.3067610167610164,850,80294,0.5
1.8571630330066469,14190,80294,1.0
2.357809930536353,7231,80294,2.0
2.8341247684911677,16488,80294,3.0
1.0070908055359273,4904,80294,0.5
3.1449162736596827,6262,80294,3.0
5.0,51,80298,5.0
3.8289506445211314,54,80299,2.5
4.127096857738227,412,80299,4.5
4.03008018240194,139,80300,5.0
3.915822209127369,753,80300,4.5
3.825035435723761,811,80300,4.0
4.030561323220525,941,80300,4.0
3.4905572974973684,179,80300,4.5
3.6900818188182547,1110,80300,4.0
3.919981868203328,6751,80300,4.0
4.324398561458258,7250,80300,4.5
4.477775410776368,1551,80302,4.0
3.7029872991450556,12008,80303,3.5
3.890939915330395,1195,80303,4.0
4.303241488241488,53,80303,4.0
3.9384785866693757,610,80303,4.0
3.985617573843193,2669,80303,3.5
3.948514895389895,2348,80303,3.0
3.8313854276354276,1457,80303,4.0
3.5282046189804808,1500,80303,3.5
4.151457663183632,11922,80303,3.5
3.774293977418977,339,80303,4.0
3.431081088080666,6021,80303,3.5
4.1140612934362935,808,80303,4.0
3.663525579150579,1751,80303,4.0
3.942808686931116,828,80303,3.5
3.6110740114955937,2497,80303,4.0
4.389507486735748,838,80303,4.0
3.831590292215292,1151,80303,3.0
4.190051329802949,6194,80303,3.0
3.780855442269915,921,80303,4.0
3.9816842292062713,176,80303,4.0
3.857076958912045,4708,80303,4.0
3.840070908820908,1646,80303,4.5
2.8789385869823607,1184,80305,2.0
4.20117460224064,647,80307,5.0
4.220726821999181,5582,80307,4.0
4.712360586364834,1162,80307,5.0
4.683504263677832,5096,80307,4.0
4.564288258512554,28,80311,4.0
4.0400308427262095,2542,80312,4.0
2.7797472009811255,5586,80314,1.0
3.5374312458187007,1719,80314,5.0
3.391872198017603,1721,80314,2.0
3.1316064417234704,105,80314,4.0
3.6692506856955176,144,80314,5.0
4.801326537782691,3456,80315,4.5
3.728932884378969,766,80315,3.5
3.515846940283989,1667,80315,4.0
4.3263880359239035,311,80315,4.0
4.108844324401489,8840,80315,4.0
3.359487154751231,3959,80315,3.5
4.16377189851213,10612,80315,4.0
4.222746494170051,1749,80315,4.0
5.0,350,80317,5.0
4.9721186482705955,7440,80317,5.0
3.8189976751137182,556,80319,3.0
3.429227080545667,562,80319,3.5
3.307427672198803,1196,80319,3.5
3.1631260557658174,1211,80319,1.5
3.980140481281732,750,80319,4.5
3.6683443097340716,1250,80319,3.5
3.8359493517508785,663,80319,3.5
2.9553937961953225,367,80319,3.0
3.873368387368306,3067,80319,3.0
3.4298924065327134,2400,80319,2.5
3.4938858596873863,1349,80319,3.5
3.182117697294224,1466,80319,3.5
3.059506774720066,1669,80319,3.5
3.815117235139281,324,80319,4.0
3.2477747485762753,2133,80319,2.0
3.750310832303189,1736,80319,3.0
3.3560485581000847,333,80319,4.0
2.6870640611915677,5224,80319,3.0
3.714470995690549,5851,80319,3.5
2.8725817471332737,1049,80319,2.5
3.502565773919602,1878,80319,4.0
2.88698662635963,7946,80319,1.0
4.038213199014725,417,80319,4.5
4.226393926876101,437,80319,3.5
4.132457288258815,520,80319,4.5
3.6201498065139934,852,80319,4.0
4.0035577392354265,1076,80319,4.0
3.814822447972969,5294,80319,4.0
3.6036874469889737,180,80319,3.5
3.0688647027637908,954,80319,4.0
2.506453527338989,2514,80321,3.0
3.585501558411775,348,80321,5.0
3.683288586269756,0,80322,4.0
3.6353913505638125,1965,80322,4.0
3.4144702464078858,535,80325,5.0
3.042431141721722,2692,80325,2.5
3.294545564122499,560,80325,4.0
3.5468050643677036,1195,80325,4.0
2.8201500110876503,39,80325,0.5
3.7248296011054753,585,80325,3.0
3.7623890546527807,604,80325,2.0
3.113549361737001,1946,80325,0.5
3.4840309634686024,6,80325,4.5
3.29580554632682,4990,80325,4.5
3.4131390082016475,1412,80325,3.5
3.3198522555261936,3307,80325,1.0
3.4089298839925233,145,80325,4.0
3.337204922367541,1724,80325,3.5
3.4988171947163447,3288,80325,5.0
3.305142622828702,5021,80325,4.0
3.5531380006666407,4450,80325,2.5
3.7988504073349936,2473,80325,4.0
3.2835114135740526,320,80325,2.5
3.476725176425971,3914,80325,3.0
3.2111561679630776,5810,80325,3.5
3.034903668944896,3318,80325,1.0
3.4691039151986307,5408,80325,3.0
3.5409137435249827,5074,80325,4.0
3.1763518779051947,4017,80325,3.5
3.508227748826102,1673,80325,2.0
3.2115632736302073,3052,80325,3.0
3.8455891893288574,9683,80325,4.5
3.9204929569601323,828,80325,0.5
2.778043467846489,5763,80325,1.0
3.341769831236685,494,80325,5.0
3.603428746371601,4113,80325,4.5
3.3568300346583335,529,80325,3.0
3.254648729089201,4128,80325,3.0
3.9947835442211836,3177,80325,3.0
3.4518810021062687,4140,80325,2.5
3.1595646706387672,4293,80325,3.0
3.734439220773666,4309,80325,4.0
4.556950351443504,51,80326,5.0
2.585004255238277,1632,80329,4.0
3.147565540536455,654,80329,5.0
3.614811507936508,1159,80331,4.0
3.8711913194304834,1328,80331,4.0
3.868424386543105,1576,80332,3.0
3.9027993865431054,2,80332,4.0
3.7261875963724918,1602,80332,3.0
3.9366054334373874,3028,80332,4.0
3.145915668987081,769,80332,4.0
3.1404613422344725,2035,80332,4.0
4.502524566839092,247,80332,4.0
3.7458016476729266,5284,80332,3.0
4.235361698283754,1112,80335,4.0
3.1610671337536473,2536,80336,3.5
3.1016580627772288,1414,80336,3.5
3.6965984342454927,3181,80336,3.5
3.22875408496732,457,80336,3.0
2.721448899004046,2498,80336,3.0
4.15593720821662,19,80336,1.0
2.5483366038918014,4479,80336,3.0
3.4354016639950897,3417,80336,3.5
3.4392712509475967,1684,80336,4.0
3.4563728480799667,1109,80336,5.0
4.053422848878063,2254,80338,5.0
4.132419135211074,1757,80338,4.0
3.4977285296402942,864,80339,4.0
4.843825918655909,364,80339,3.5
4.439190402509368,7,80339,4.0
4.05602616484068,1667,80339,4.0
3.7543148518148515,380,80339,3.5
4.297619186117371,2588,80339,4.5
5.0,834,80339,4.5
4.007926252629566,140,80340,4.5
3.397126190081081,562,80340,4.0
2.759155703734017,596,80340,3.5
3.1881416707240167,1017,80340,1.5
2.923487238427394,881,80340,2.0
3.8724455619676212,119,80342,3.0
3.81823402088108,120,80342,4.0
3.5243663003663004,643,80342,4.0
3.02611977483301,1846,80342,3.0
4.052950831847891,311,80342,3.0
3.4479174624395212,385,80342,4.0
3.790393147932521,1759,80342,2.5
4.112042729372451,14,80342,4.5
3.7588267260090107,3517,80342,3.0
3.8642893748408453,19,80342,4.0
3.506732026143791,2780,80342,4.0
3.152375049613533,8153,80342,3.0
3.9782987753566044,1091,80342,4.0
3.1178308823529415,25,80342,4.5
3.505762691041329,1646,80342,3.0
3.201563281481614,6084,80342,3.0
3.673418756295009,1775,80345,4.0
3.3428075228952427,1132,80346,2.0
2.8508979834810435,75,80346,0.5
2.9976136055882296,900,80346,3.5
3.304886682448413,1880,80346,2.0
3.2658380222718457,3177,80346,4.5
3.1116436803936804,176,80346,3.5
2.05205995583999,1909,80347,2.0
2.9951920634079277,357,80347,4.0
3.3180912946702423,53,80347,5.0
3.988844334195212,744,80347,5.0
3.5516968129923163,1959,80347,3.0
3.199937952913959,1264,80347,4.0
2.8826362781954886,1605,80347,3.0
3.064502432551968,691,80347,4.0
2.9342919553261457,3259,80347,2.0
4.134341530525741,142,80347,5.0
3.8789272411308593,9,80347,4.0
4.71772816981597,604,80349,4.5
4.62737971284799,18,80349,4.0
4.691231559981622,115,80350,2.0
4.761048737655137,142,80350,3.0
4.210031359345085,346,80351,4.0
4.287405679626526,319,80351,4.0
4.867171364073837,141,80353,3.0
3.423336002626643,300,80354,3.5
4.186168494119274,219,80354,4.0
3.8149317917325547,768,80354,4.0
4.196879121387131,5540,80354,2.5
3.234042670524396,640,80358,3.5
3.6880790175006575,364,80358,0.5
3.5952694522565958,718,80358,4.5
4.027517560294782,1454,80358,3.0
4.136475348376829,44,80360,4.0
3.217958711729486,27,80364,3.0
2.785595884241118,1660,80365,4.0
4.748639634008999,9,80366,3.0
3.87051149191561,26250,80366,5.0
4.316000521057372,7238,80366,4.5
4.225747830954895,139,80371,4.5
2.3968119369981977,2693,80372,3.5
3.665998940440532,1199,80372,3.5
3.3941427416431695,1928,80372,3.0
3.339967194408786,1777,80372,4.0
3.56338259844919,1939,80372,2.5
2.9826118879337784,3482,80372,4.0
3.395708000118315,1008,80372,2.5
3.8706021150437064,645,80372,3.5
3.8606459600875516,1264,80372,3.0
3.5643892650670677,220,80372,4.5
3.029886719328311,3109,80372,3.0
3.841051249242841,225,80372,4.0
2.779996193187785,1133,80372,2.5
2.6420306864722782,1337,80372,3.5
3.4399626506168883,1378,80372,3.5
3.5937156681572597,102,80372,4.5
3.680125924567516,144,80372,4.0
3.1295051471244646,8802,80372,3.5
4.015726031412395,887,80372,4.0
3.7316012814448305,3179,80372,4.0
3.734889660070151,888,80372,4.0
4.069858498756612,111,80372,4.0
3.8929086215337065,277,80372,3.5
3.223827508600215,2154,80372,4.0
3.8158761504254617,379,80372,3.0
3.987346630852122,2192,80372,3.5
3.972601491808674,1883,80372,4.5
3.213567434367454,393,80372,3.5
3.206979641644014,6576,80372,4.0
4.4068237925632205,494,80372,5.0
3.883901186356696,497,80372,3.0
3.984260025293409,167,80372,2.5
4.725695476320058,9186,80372,4.5
3.6385622836626044,4226,80372,4.0
3.7394219908201043,921,80372,4.5
3.384581551230382,9824,80372,3.5
4.101158114237835,926,80372,4.0
3.1179832080128014,14191,80372,2.0
3.8974682423309908,857,80372,4.5
5.0,633,80374,5.0
3.942587259761172,836,80375,5.0
4.033270966893216,49,80376,3.0
4.290622487813707,366,80376,5.0
3.6185677562189786,1553,80376,1.0
3.8874444827704187,562,80377,3.5
3.52535054070186,648,80377,3.0
3.4280706680282758,1012,80377,3.0
3.3875277069899266,230,80377,2.0
3.899431923401969,6,80377,1.0
3.691395345534435,2303,80377,3.5
3.0781029802697777,1788,80377,1.0
3.5366984350600856,4809,80377,1.0
3.6753481782300628,8024,80377,3.0
3.2949852328357,342,80378,3.5
3.496641076991544,357,80378,3.0
4.4604364211422105,618,80378,4.0
3.658557420452005,3032,80378,4.5
3.608536819206559,1454,80378,3.5
4.3576978071136105,784,80378,4.0
4.4437074331168445,6962,80378,4.5
3.817036269306196,1793,80378,3.5
4.191382791806053,54,80379,5.0
3.2359880527666633,1031,80380,4.0
3.149153609907855,2536,80382,2.0
3.6344161891245106,35,80383,2.5
3.395341251780871,43,80383,3.0
3.440626506262757,606,80383,3.5
2.6873601158884655,2540,80383,3.0
3.8422917322112107,8,80383,4.0
3.618736971268679,145,80383,4.0
4.115069142678031,159,80383,4.5
3.585054371142328,2533,80383,3.0
3.7617934376313946,483,80383,4.0
2.7688856467675866,2730,80383,3.0
3.4769033011977797,949,80383,4.0
3.7519895993094763,6492,80383,4.0
3.209343456370818,352,80388,4.0
3.218794362192595,2654,80388,2.5
4.508687682865507,749,80389,4.0
3.304616211343923,120,80392,3.0
2.5784657689520594,2870,80393,4.0
2.400563297919627,1490,80393,2.0
4.212350052907587,479,80395,4.0
4.431098263180577,354,80397,4.0
3.408991297144548,353,80401,3.5
3.446386051813684,1000,80402,3.0
3.678266667972551,200,80402,4.0
3.6189674471518942,732,80407,4.0
3.679897426590616,185,80407,5.0
3.926769821297973,990,80407,3.0
2.395208621747609,188,80407,2.0
3.155966805877782,980,80407,4.0
3.160832330908494,2347,80409,1.0
3.813538869413452,315,80409,5.0
4.0119274711539745,854,80409,4.5
4.391777278800113,537,80413,4.5
4.455703979067553,587,80413,4.0
4.311223436270103,9,80413,5.0
3.936417824959154,333,80413,2.0
4.511417199041701,3983,80413,3.0
4.231119131442329,1682,80413,5.0
3.3793215920306245,2773,80413,5.0
4.2351484656077405,4702,80413,4.5
3.901530836157528,10956,80413,4.0
4.4344001623376625,0,80414,3.0
4.007708614928967,617,80414,4.5
3.7477576469583047,1246,80414,3.0
3.788256118958885,1300,80414,4.5
3.227297702395222,2468,80414,4.0
3.550285893773449,2184,80414,4.0
3.3949367358555884,756,80415,5.0
3.8215534066643473,147,80415,3.5
3.788757072945784,579,80418,2.0
4.009008444632839,1368,80418,3.0
2.6088084654080226,1711,80419,2.0
2.7119679201123748,1901,80421,3.0
3.0967179416551596,578,80421,3.0
2.624218845356721,2701,80421,2.0
3.154077597715473,358,80421,3.0
2.287807916659308,297,80421,1.0
2.9124365592303945,1252,80421,4.0
2.774295946618033,1010,80421,3.0
3.907088439213157,1959,80421,2.0
2.6906135648831193,1361,80421,5.0
3.5891756527242835,1021,80421,3.0
2.4079033878345797,5586,80421,2.0
3.1110508575138107,1455,80421,3.0
2.5913759754521863,5329,80421,3.0
3.937945197918024,59,80426,3.5
4.27662935619592,1229,80426,3.0
4.466444591060329,2435,80426,3.0
4.184071274358746,802,80426,5.0
4.589387059084781,410,80426,4.5
4.450605780601754,115,80427,3.0
3.633178388305918,1832,80427,2.0
3.73591294834019,863,80429,3.0
3.4579193622835964,8,80429,4.0
4.2799060010871175,863,80431,4.0
4.0493591487317415,1551,80432,4.0
3.815123961404449,2542,80432,3.0
4.210398625520942,310,80432,4.0
3.9090709866014746,106,80432,4.0
4.271947564780762,2468,80432,4.0
4.402045480681957,120,80434,4.0
3.2996822359386484,39,80435,3.0
2.815568901968689,5394,80436,2.5
3.5161049337136294,138,80436,2.5
1.660057373925562,3504,80436,2.0
3.969310409264138,4040,80436,5.0
2.464952509657782,1929,80439,4.0
3.4582219108740846,587,80445,4.0
3.7975205614370373,588,80445,4.0
3.5131985294117647,602,80445,3.0
3.4229988000662033,742,80445,3.0
3.660745362738397,743,80445,4.5
3.55,364,80445,2.5
3.4131988115313363,1299,80445,3.0
3.193181818181818,1300,80445,3.0
3.1238783461162494,1414,80445,4.0
1.8567048087048252,11580,80445,1.5
3.8519621718151127,2536,80446,3.5
4.26455593018093,615,80446,4.5
4.60760829856418,126,80446,4.5
3.3946009947654687,674,80446,4.0
3.466629355551569,1019,80446,3.0
4.087799477839094,900,80446,4.0
3.533715216713311,4265,80446,4.0
3.4284115401506705,1774,80446,5.0
3.6998157459576846,98,80447,4.0
3.8937820130691962,1948,80448,4.0
4.129197936377919,538,80450,4.0
3.763545464663301,296,80450,5.0
3.784559479703184,417,80450,4.0
3.226523886698196,2054,80452,2.5
3.433452555251865,254,80452,3.5
3.0558698715956516,3181,80452,3.0
3.592087501789675,337,80452,3.5
2.881629821299672,2167,80452,2.5
3.938579308400677,153,80452,4.5
3.5211166883324063,1053,80452,3.0
3.1983573390156614,486,80452,3.5
3.966217617846649,14,80452,4.0
4.165200948370614,177,80452,4.5
4.281893748562227,183,80454,5.0
4.62497265849193,162,80457,5.0
0.5807474679908783,2875,80460,2.0
3.8541998451008816,708,80463,4.0
3.833058662875756,51,80465,4.0
3.5522338781801697,2708,80465,3.0
4.46816339519665,958,80466,5.0
4.619009940520807,201,80466,5.0
3.7986270043253696,1605,80466,5.0
4.941498976264679,151,80466,1.0
4.27344896758807,897,80466,3.0
4.62626639022327,1052,80466,5.0
4.290229885190635,3376,80466,5.0
4.250827193508451,2781,80466,5.0
3.3547270758321766,3200,80471,4.5
3.6526346977684296,1704,80471,4.0
3.2939530035558073,365,80471,1.5
4.039251901318875,367,80475,5.0
4.151125168025262,6917,80475,5.0
4.759075521262074,237,80475,5.0
4.238641083368833,4677,80475,5.0
4.582899074552572,1464,80475,5.0
4.1745075802441525,350,80476,4.0
3.8488359091400484,33,80477,4.0
4.608377809124496,865,80477,3.0
4.122556717222094,742,80477,3.0
5.0,538,80478,3.0
4.948013169006658,141,80478,5.0
5.0,8,80478,3.0
3.6971602171075473,1246,80479,5.0
4.26534187589458,41,80481,3.0
2.667636555900332,168,80485,4.0
3.481758788871561,304,80487,4.0
3.3808223243730415,34,80489,2.5
4.228398340678467,598,80490,4.0
3.6128010744480283,1310,80490,3.0
4.264441955789001,414,80491,4.0
3.7708896058408445,1066,80491,4.5
4.663517559844314,350,80492,4.0
3.6694797610483256,483,80492,4.5
3.5756138633238885,327,80493,4.0
4.063068756600315,2871,80493,4.5
3.748606380678013,1025,80494,4.0
4.081856859063488,572,80497,3.0
2.6022189448079684,3420,80497,2.0
3.737425767492657,1300,80497,4.0
2.5022095960939823,1185,80501,4.0
2.55330919301971,2837,80501,3.0
3.4653242668963653,1194,80501,3.0
3.2597792794830047,1196,80501,4.0
2.700851496421601,187,80503,2.5
4.125074328187536,34,80503,4.5
3.239758824977296,41,80503,2.0
3.3619403775148857,1220,80503,2.0
4.124513501077678,2746,80503,5.0
3.436639268623444,5984,80503,0.5
3.5775554218256773,147,80503,5.0
1.4003395230143236,12506,80503,0.5
3.415257183399686,915,80506,3.5
2.077226536413976,1903,80507,5.0
3.1824876179799944,802,80507,4.5
4.792170185083549,799,80508,5.0
4.751584987569266,140,80509,3.0
3.4461747098725075,1299,80510,1.0
4.088089921774133,366,80510,5.0
3.685681311158366,53,80512,4.0
3.8002858894855875,1233,80512,5.0
4.173049080690754,1252,80512,2.5
4.090519341407825,640,80512,2.5
4.383171291925235,8,80512,5.0
1.8313638030019588,61,80515,1.0
1.3593485665302025,1351,80515,3.5
2.5815395371746583,3221,80516,3.0
3.528837756695883,2698,80516,5.0
4.178744611175456,119,80517,5.0
4.222842269363461,1717,80517,3.5
4.36148307444942,838,80517,4.0
4.367644694512408,535,80518,5.0
3.302263291790146,1901,80518,4.0
4.120659017983927,1203,80522,3.0
3.716224399524952,622,80523,4.5
3.1048829142128787,2712,80523,4.0
2.1218174055900945,2718,80523,2.0
3.199930496863538,2270,80523,4.0
3.7907931885790354,225,80523,3.0
3.439694880497368,94,80523,2.0
2.156139169157562,7297,80523,3.0
3.6394561591653805,1526,80523,4.0
3.5448232557341024,1528,80523,3.0
2.4136352059527866,2100,80523,4.0
3.7932417183101736,111,80523,3.0
3.8400775847384314,11,80523,1.5
3.4637312378980316,2724,80523,5.0
3.3328321218679684,900,80523,3.0
2.8053373780496953,2533,80523,1.5
3.4788504499451203,464,80523,3.0
3.315552063617313,242,80524,3.0
3.603950685667596,98,80524,5.0
4.1389668638676325,588,80527,4.0
3.541471900767119,700,80527,2.0
3.7812513192690624,134,80527,5.0
3.831149399767535,1000,80528,3.0
3.6749991967097233,1706,80528,4.0
3.899386699887549,594,80528,3.0
4.075991853476202,2633,80528,2.0
3.0396495248817232,1233,80528,3.0
3.176606321469022,666,80528,1.0
3.39070577083735,1434,80528,3.0
3.3710311999455507,6437,80528,3.0
3.1233154539619563,308,80528,4.0
3.654643793328281,583,80529,3.0
3.419905901176084,4681,80531,4.0
3.7156961962249193,347,80531,4.0
4.412427761732096,2268,80532,4.0
3.6538542105269665,799,80532,5.0
3.875626836049592,1680,80532,2.5
3.9708049688902634,457,80532,2.0
4.23566361707902,1066,80532,4.0
3.8244680619158133,348,80535,4.0
5.0,538,80537,4.0
2.8891615647492004,1218,80538,3.0
3.516730646325119,4046,80538,5.0
3.3799809294719476,1247,80539,5.0
3.4626013183423363,5,80539,5.0
2.963044625035643,1479,80539,3.0
4.1026805209325925,4,80540,4.0
4.13275712134755,366,80541,3.5
3.3798629641874247,71,80541,4.0
3.8668999079596613,4949,80541,3.0
3.3215543467904114,4390,80541,1.5
4.095205375586602,2,80543,5.0
3.9749460686656457,286,80545,5.0
3.280259927189732,1019,80545,4.0
4.027791377948319,1005,80546,4.0
4.129517766369479,2665,80546,4.5
4.310353288161889,71,80546,2.5
3.7150324662675644,1645,80546,5.0
4.207819449582558,1419,80547,3.0
4.00420095027849,140,80549,4.0
2.2111581701880207,958,80550,1.0
2.9929509096123392,81,80550,2.0
3.1366925387339344,1768,80550,3.5
3.2512834113935085,694,80551,3.5
3.684809539424297,1757,80552,3.0
3.158470436553904,5292,80552,2.5
4.322712802967332,1675,80553,5.0
3.6804201110516592,520,80553,4.0
4.217558075732038,2835,80555,5.0
4.379825337387561,380,80556,4.5
4.150942274735424,5621,80556,5.0
4.646721681647264,2204,80556,4.0
3.1659347855111655,1167,80557,3.0
4.345966429959565,346,80557,4.0
3.7038792456456013,300,80557,3.0
3.7712950369922393,3703,80557,3.0
4.403174588471013,537,80558,4.0
4.35018684806777,350,80558,5.0
3.4022759103641453,1909,80560,3.0
3.2623613804496157,353,80560,2.5
3.983870379491509,567,80560,4.5
4.682085523116445,2265,80560,5.0
4.532535373123609,649,80560,4.5
3.918406862745097,672,80560,4.0
3.713420083528442,1329,80560,2.5
4.254432343112684,95,80560,5.0
4.506269416857652,102,80560,4.0
3.1580365459274127,2836,80560,2.0
4.047749048337284,1526,80560,4.0
3.7043000137117783,789,80560,3.0
3.7281460818593173,339,80560,3.0
3.9478848688584764,4033,80560,5.0
3.9602030812324927,15,80560,4.5
4.549052082260055,1069,80560,4.5
4.221906167745739,855,80560,4.0
4.091495774023737,4465,80560,4.0
4.17665026831441,8920,80560,2.0
3.6294285322421387,3080,80561,4.0
3.5134134117285196,36,80561,2.0
3.700816868685762,579,80561,5.0
3.5139667216841133,596,80561,4.0
4.137027354394681,1228,80561,2.0
4.40745024922942,749,80561,4.0
4.034389733448083,2414,80561,3.0
3.321558626875408,249,80561,4.0
3.399627562504982,344,80562,5.0
5.0,118,80564,5.0
4.094989725977636,296,80564,4.5
4.234157104388909,2648,80564,4.0
4.400783849327869,2627,80564,3.5
3.57445609653985,5364,80564,4.0
4.306019711893242,870,80565,5.0
4.129676059746475,2283,80565,5.0
2.1869528023146447,2691,80566,1.0
2.988233082706767,57,80566,4.0
3.263730158730159,115,80566,4.0
2.7879576125628756,3419,80566,1.0
2.4276005530417297,981,80566,2.0
2.906681286549708,2631,80566,1.0
2.8923336385836387,1936,80566,4.0
3.4560864135864136,612,80566,4.0
3.071612768625237,623,80566,4.0
2.585216176797059,1565,80566,3.0
3.0771160279941467,665,80566,3.0
3.1100854700854703,366,80566,5.0
3.555124320560113,708,80566,4.0
2.567389472455649,1161,80566,3.0
3.239883174078636,3123,80566,2.0
2.462031876216105,6420,80566,1.0
2.9516646141215106,3384,80566,1.0
2.578609728964876,4548,80566,1.0
3.012106676003735,2110,80566,1.0
2.6125575880758807,6390,80566,3.0
3.4365151515151515,325,80566,2.0
1.7521900167821147,9588,80566,2.0
4.023691667809314,204,80568,4.0
3.9865664448193976,587,80569,3.0
4.250322323501747,359,80569,5.0
3.704399757480609,1361,80570,4.0
4.994079493491258,3,80571,4.5
3.8951812530953185,141,80571,4.5
4.273115327128664,377,80571,4.5
4.533762162771091,380,80571,5.0
4.542898736648737,1066,80571,4.0
4.069055688707584,196,80572,4.0
3.364837527399593,864,80574,3.0
2.7002695417789755,1662,80574,3.0
4.350992985002419,583,80574,5.0
3.041407227622544,1605,80574,5.0
4.04455525606469,5,80574,3.5
4.397833769089333,2982,80574,3.5
3.242045616581366,222,80574,3.5
4.110349031332998,2519,80574,2.5
3.942748274148144,791,80574,3.0
3.4645877192982457,1951,80575,3.0
3.9045126027434707,1749,80575,2.0
3.643612753389927,583,80576,5.0
3.606406220591003,4,80576,3.5
3.059245049382349,694,80576,4.5
3.423039965323634,327,80576,1.0
3.2131812601952596,1889,80576,2.0
3.611839497464791,1305,80577,4.0
3.74515616039636,876,80577,5.0
3.6561219136072696,2452,80577,2.0
3.565325497201217,2944,80580,3.5
4.087011365727256,3858,80580,3.0
3.8689141737509285,646,80581,3.5
3.0877046165926454,1986,80582,3.0
3.4227986376142847,422,80582,3.5
3.031291376976521,5,80584,2.0
3.466917418624736,1547,80585,3.0
3.745577369784687,1655,80585,5.0
3.2397781981960416,343,80585,4.5
3.2890497307570477,1659,80585,2.0
3.6767311261590314,871,80585,3.5
4.227395135352452,207,80585,5.0
3.242124225706543,1995,80585,2.5
3.885088691796009,705,80585,5.0
3.392938619645937,1414,80585,4.0
3.679768525850843,101,80585,5.0
4.038538162232812,2470,80585,4.0
2.8050950743023915,265,80585,2.5
4.269935486992241,9493,80585,4.0
4.3930355582020875,452,80585,4.0
4.274107254754789,851,80585,5.0
2.5415768675114383,3965,80587,0.5
3.615044941575951,799,80587,4.0
3.775776405114541,113,80588,4.0
2.9978017758139046,2612,80589,4.0
4.639356999193677,366,80590,5.0
2.58474861761608,1605,80592,2.5
3.287301395330063,1832,80596,3.5
4.014784983067561,2,80597,2.0
3.564269640522844,3711,80597,3.0
3.0108584027262704,3720,80597,4.0
3.3353202402379827,3785,80597,3.0
2.2468146314562296,2062,80597,2.0
4.38166758219243,538,80599,5.0
3.987373226189016,358,80599,4.5
4.530268863270225,1509,80599,5.0
4.205728264791148,3146,80599,4.5
4.165580645605747,1049,80599,4.5
4.549803063712782,2195,80599,4.0
2.2744978889081167,75,80602,3.0
3.6862162178918303,142,80602,3.0
3.5625695111434608,368,80604,3.0
4.168765990974737,147,80604,4.5
2.3881853181360477,5740,80604,1.0
5.0,2585,80604,4.0
4.067763039449812,1368,80605,3.5
4.0321390350674235,1551,80606,5.0
3.2375988802331515,42,80606,3.0
3.5042238239169183,60,80606,3.0
3.460135945682621,1296,80606,4.0
3.3437334801632095,5145,80606,3.0
2.75037820589022,70,80606,2.0
3.8426426370148263,141,80606,4.0
3.2463088336783987,715,80606,4.0
3.6344190944190577,1778,80608,3.5
4.188835532430696,354,80614,4.5
4.767772419196568,171,80615,5.0
3.3666308987366174,2508,80616,3.0
3.5538220338742783,188,80616,3.0
4.01361809064853,350,80616,5.0
3.9807725612905718,2404,80617,5.0
3.9548901972636434,1448,80617,3.5
3.272115348061164,2973,80622,4.0
3.576437522198057,864,80622,3.0
2.9454499321948475,43,80622,3.0
4.0904672705958784,1580,80622,4.0
3.7234995669124884,2716,80622,4.0
4.575515135128492,622,80623,4.0
4.045043972519172,2712,80623,4.0
4.282765872007712,126,80623,5.0
4.949602440367113,66,80623,4.5
3.0384361407624794,686,80623,4.0
4.0028294874428445,689,80623,4.0
3.7790697055580624,877,80623,4.0
4.03966723303059,2658,80623,3.5
4.28527053414476,3879,80623,4.0
4.480184444387957,7425,80623,4.0
4.149333816447174,417,80623,3.0
3.8209821205886834,951,80623,3.5
3.4582478929141334,1713,80624,3.0
3.5281881012189182,489,80624,4.5
3.0616531342442226,645,80630,4.0
3.607678477771469,8231,80630,5.0
3.4761820728291317,111,80630,3.0
3.495171435318494,2436,80630,3.0
3.1875420304886584,13241,80630,4.0
3.545520321058105,3004,80630,3.0
3.205002448954709,632,80631,4.0
3.630077191656777,345,80633,4.0
5.0,136,80634,5.0
3.489415433560163,1177,80635,3.0
3.930985213223699,1000,80635,3.5
4.694900095899314,876,80635,4.5
2.654632208239356,686,80636,3.5
4.009639996497552,2362,80636,3.5
3.8651246476588157,850,80636,1.5
4.138412943697125,1556,80638,3.5
3.7750839243713292,1000,80641,2.0
4.26928035914924,3625,80641,4.0
4.0459079985651085,2846,80641,4.5
3.8607380322380727,3650,80641,4.0
5.0,1483,80641,4.0
4.620621705910394,312,80641,5.0
4.662942082472257,1813,80641,4.0
3.6355210031670238,38,80643,3.0
2.638203239300804,2611,80643,3.0
2.7824174601769216,8368,80644,3.0
3.486359605808135,3245,80645,3.5
2.6892563700265293,2053,80645,3.0
4.462044126439194,117,80646,4.0
3.6558960812523478,2009,80646,4.0
2.5308429866996667,1712,80648,2.0
3.8560091296728416,3079,80649,4.0
3.957480726957426,2261,80649,4.0
2.7908297631473835,488,80650,4.0
3.900887079300881,286,80652,3.0
3.8014354207617056,71,80652,0.5
3.665656207125676,2147,80652,4.5
4.464247801929428,6850,80652,4.0
4.113523627535255,160,80652,1.5
3.420411835758922,1637,80652,0.5
4.169767712538316,9426,80652,4.5
5.0,633,80653,5.0
3.131172079063255,1573,80654,2.0
3.5807821091857233,1576,80655,3.0
3.9561595618374445,50,80655,5.0
4.273995909653997,596,80657,4.0
3.635375791629613,4599,80657,4.0
3.168849176293601,2695,80658,2.5
3.1105647308377256,1605,80658,2.5
3.9713012907426197,102,80658,4.0
3.402570449035075,152,80658,2.0
3.4563597409655435,2817,80658,2.5
3.7703929200083977,410,80658,4.0
3.609522868070444,537,80659,4.0
1.7269564985720156,1546,80660,3.0
3.2054145279104698,337,80660,3.0
4.410847794034982,1195,80661,3.5
3.874501159160576,993,80662,4.5
3.530288039763633,2969,80662,1.0
4.0299995167970915,44,80662,4.5
3.1875598950153643,234,80662,4.0
2.933472783296674,106,80662,2.5
3.582778841445611,337,80662,4.0
4.103290661788876,8702,80662,4.0
3.4889007484157144,163,80662,3.5
3.8431349770335244,495,80662,3.5
3.04596693076587,932,80662,3.0
4.016168800299966,1639,80662,3.0
3.579631386345332,939,80662,3.0
3.550652051649922,178,80662,2.5
3.0803063573798832,948,80662,4.5
3.1460895775464457,1116,80662,2.5
4.026184307052727,1128,80662,5.0
3.258489005028399,1655,80663,4.0
3.286189339091816,2814,80663,1.0
2.8267385540215217,138,80663,2.0
3.776260088767763,991,80665,4.0
3.859483011500614,0,80666,3.0
2.8863217741710456,715,80669,3.5
3.305266746015553,1546,80670,2.0
2.6466716637872927,1653,80670,2.0
2.786119993235622,2514,80670,2.0
3.5473167923313573,355,80670,3.0
4.076768919472784,1195,80670,4.0
3.3961793674126435,958,80670,3.0
3.372214021593187,2631,80670,3.0
3.5528036896561606,1217,80670,5.0
2.4499091645893163,1223,80670,3.0
3.1252365180506763,123,80670,4.0
3.5386664420288327,3691,80670,3.0
3.134544644607642,1159,80670,2.0
3.445402691568832,48,80670,3.0
3.255894108009737,1953,80670,2.0
3.5658666354822643,2637,80670,4.0
3.2455511833904964,688,80670,4.0
3.5143751473922946,4975,80670,3.0
3.3717184849134605,5147,80670,4.0
3.451566678494807,1366,80670,3.0
2.6001874984428333,2034,80670,1.0
3.9192900979846743,779,80670,4.0
3.5194353655528126,1474,80670,3.0
2.526442044758214,1544,80670,2.0
3.57835173813348,4537,80670,2.0
3.891220878461507,2434,80670,4.0
3.878836179037589,9024,80670,4.0
4.3775316304167795,355,80672,3.0
3.36379906313205,357,80672,3.0
3.7507168048106614,1213,80672,4.0
3.949270841930488,606,80672,5.0
3.897216804810661,638,80672,4.0
3.7008100198744645,1271,80672,3.0
3.5398662726832413,2986,80672,4.0
4.62497675361777,312,80672,5.0
3.8494780987723685,337,80672,2.5
3.8276311259513474,1217,80673,4.0
3.238294389890344,1218,80673,4.0
3.9139580553315665,53,80673,5.0
3.801763467444612,617,80673,4.0
3.430965717351672,3249,80673,4.0
3.722725458823381,1700,80677,3.0
4.1096276464957535,366,80677,5.0
3.51445203318961,353,80678,2.0
3.463715347036236,1208,80678,5.0
3.928821141163379,356,80679,4.0
3.727777001479533,349,80679,3.0
3.522619756763465,193,80679,4.5
4.067945429542698,119,80679,4.5
3.7729588090510466,877,80679,4.5
3.6681138211000746,91,80679,4.0
3.1623760621196153,135,80679,3.0
3.4868914529953003,328,80679,3.0
4.186730863917279,807,80679,4.0
3.7052450540219564,499,80679,4.0
4.001249186009536,520,80679,5.0
4.8139566493486665,359,80682,5.0
3.4240767288959035,915,80684,5.0
4.528221582017226,8,80686,5.0
3.7335234940651025,197,80687,5.0
4.157958126737654,587,80690,3.5
3.9572591128730012,36,80692,3.0
2.8375821860839854,3672,80692,2.0
3.79085607953599,1196,80692,4.0
4.027636214859604,288,80692,4.0
4.055150286672795,1202,80692,4.0
3.150368755230571,4514,80692,4.0
3.1405375230394474,1842,80692,4.0
4.071160317613864,1605,80692,4.0
3.919306986117331,1974,80692,3.0
4.130162738119292,762,80692,4.0
4.162282311095575,707,80692,5.0
2.724526193844743,1305,80693,2.0
2.842099246265237,71,80693,2.0
3.370628955966552,2616,80693,4.0
3.914442808876821,355,80695,3.0
3.2899590094364495,1788,80696,3.0
3.3651194097953088,397,80696,2.0
3.7395919123682293,447,80696,4.0
4.346006853661518,543,80698,4.0
3.851460295150656,549,80698,4.0
4.296000118072831,568,80698,4.0
4.190928131236139,1206,80698,5.0
3.9931540631912346,577,80698,4.0
3.633020271122396,347,80698,4.0
4.1979073774800915,588,80698,5.0
3.7343601357214005,3693,80698,4.0
3.4717060787787926,3708,80698,3.0
4.288673412915244,224,80698,4.0
3.7237889563398974,5174,80698,4.0
4.104991682064396,135,80698,3.0
4.221662952816258,2308,80698,4.0
4.805878318516889,255,80698,4.0
3.873380590873654,3906,80698,3.5
4.563424315072323,2495,80698,5.0
1.5204781548994468,3961,80699,1.0
3.168830387760224,286,80700,4.0
2.670789490750286,99,80705,2.0
4.189471045665049,2192,80706,4.0
5.0,833,80706,4.0
2.942860344388479,990,80709,3.0
2.855914307365423,1832,80709,3.0
4.409818849797012,1250,80710,4.5
3.7448218359538297,311,80710,4.5
4.20825514436442,1676,80710,4.5
3.922642060050962,620,80712,5.0
4.202984626099762,2300,80712,4.0
3.7297784964995238,2868,80712,4.0
2.7095224414907464,335,80714,4.0
3.7805438959947155,535,80715,5.0
3.2052225944892037,352,80715,5.0
3.4173962078324784,3061,80715,3.0
3.8561173864940437,2252,80715,3.5
3.290226615236258,1191,80715,3.5
3.3528424926683122,290,80715,5.0
3.3072186584303473,3560,80715,1.0
3.726974132424952,649,80715,4.0
2.69278582073664,1269,80715,1.0
3.6889159412256354,1304,80715,4.0
3.643056383507203,679,80715,3.5
3.09261013313988,3708,80715,2.0
3.5132006420264617,695,80715,3.0
3.0567405465663664,2986,80715,1.0
3.9736472235607225,233,80715,3.0
3.522265781780069,774,80715,4.0
4.11912555942932,312,80715,5.0
4.098496445176637,1736,80715,3.0
4.114924002557956,286,80716,3.5
3.6124456700132574,5096,80717,4.0
3.366045435407285,2695,80719,4.0
3.3645979302043294,993,80719,3.0
4.114655753462703,347,80719,4.0
3.7141238312544864,349,80719,4.0
3.5534588935027034,37,80719,4.0
2.940327055819406,1835,80721,4.0
3.4246405931326698,3749,80722,3.5
3.1103643499272415,554,80723,3.0
1.807305485080421,2695,80723,3.0
3.2628770128117557,1655,80723,2.0
2.361294109855807,35,80723,4.0
2.3245400262301774,993,80723,3.0
4.502666582498127,535,80724,3.0
3.7428539493423187,1106,80725,3.5
4.283034226097495,589,80728,5.0
4.010207130152337,1955,80728,3.0
3.807891376329751,1959,80728,3.0
3.139758573683455,2347,80728,3.0
3.792193926491952,2548,80728,3.0
3.8108845322422784,1419,80728,4.0
3.613458545919233,1436,80728,3.0
3.792953305682535,5156,80728,2.0
3.836829096501523,102,80732,4.5
3.181430838337704,213,80733,4.0
1.493438161251434,217,80733,1.0
2.5038160376578737,242,80733,4.0
2.4792073709214564,187,80734,3.0
2.937969723032338,710,80736,0.5
2.7739108688437373,106,80740,4.5
2.737384924639474,1185,80741,3.5
3.2159716810203482,1777,80741,3.0
3.43156152497357,640,80741,4.5
3.381794236517826,1557,80741,5.0
3.4260622930227247,74,80741,4.5
2.241650316110748,1858,80741,3.0
3.797931136739395,241,80741,3.5
3.1456883613987934,3750,80741,3.5
3.1552326548246654,1863,80741,4.0
2.977783494365588,2134,80741,4.0
3.4835352112850537,489,80741,3.5
4.397979943500908,296,80743,3.0
3.9352693502548943,804,80743,4.0
4.724721690276137,1140,80743,4.0
3.603777276526063,2376,80743,4.0
4.029802616457336,399,80743,4.5
4.27714890578585,1813,80743,1.5
4.230341385074972,44,80745,4.5
4.131287834356508,51,80753,3.5
3.6256044804945384,1955,80753,1.5
2.128255076194682,40,80754,0.5
3.4390803560474517,537,80756,5.0
3.057603086590501,2851,80756,3.0
3.8865882818906634,1196,80756,4.0
3.829342752466422,1203,80756,4.0
3.2914901039360682,736,80756,4.0
3.4135206902822004,349,80756,4.0
3.825338711143498,119,80757,0.5
3.8736299408251895,1762,80757,4.0
3.867670133177265,1575,80757,4.0
3.1268868846938993,732,80759,4.0
3.0087820900296354,2835,80759,3.5
3.783228519955571,4,80759,4.0
2.8234100418421844,3321,80759,2.5
3.912643577226649,451,80759,4.0
2.8712719847567203,60,80761,4.0
4.467967579538997,122,80763,3.0
3.1854264249549105,753,80763,3.0
3.8433169499152355,1643,80766,4.5
3.117598703249651,136,80767,4.0
2.740394403824522,3527,80767,3.0
2.7370700892502073,287,80767,3.0
3.254380732028867,565,80767,4.0
2.4749209149782363,6343,80767,3.0
2.5395015725503347,49,80767,4.0
3.2978007638044113,2629,80767,3.0
3.0027297968241964,347,80767,4.0
3.546253188071464,579,80767,5.0
2.8882322275505032,1777,80767,3.0
4.311532772938975,836,80768,5.0
3.9057902717137654,430,80768,1.0
3.9580053620728823,1095,80768,5.0
3.7982142857142858,1125,80768,3.0
3.1885702696147256,3110,80769,3.0
3.0331444272497197,995,80770,3.5
3.4856547308593346,201,80770,4.0
3.9933279615822723,128,80770,3.5
4.003007847750495,1976,80770,4.0
3.701681344572344,1137,80770,4.0
3.6446400434558326,2626,80770,3.5
3.1579596419542075,833,80770,2.5
3.9661427665342526,5419,80770,4.0
4.494069554139861,744,80771,3.5
4.92821281543626,660,80771,4.5
4.479340589965589,154,80771,4.0
4.631320087320087,459,80771,5.0
3.252429778066081,44,80772,4.0
2.5975562782098773,1454,80774,4.0
3.459261063639247,1914,80775,3.0
3.4856680184280804,623,80775,5.0
3.3427131152831966,4637,80775,4.0
3.5516251349842682,1262,80775,3.0
4.236754781338373,693,80775,4.0
3.9569955777470325,303,80775,4.0
2.859799633492333,4979,80775,1.0
3.4867793676881353,74,80775,4.0
3.518004355293829,4993,80775,3.0
3.883394929080741,882,80775,3.0
3.4164203542872897,370,80775,3.0
3.647292927001412,100,80775,4.0
3.484029278340857,3486,80777,3.0
2.2630739058734566,2514,80777,1.0
2.4075430116397984,343,80777,3.0
2.918848227996846,1930,80777,3.0
3.529200845877118,1712,80778,3.0
4.405693479182688,990,80779,5.0
3.742679976458232,345,80779,5.0
4.160029976019184,296,80779,4.0
3.7905285896228023,1946,80779,4.0
4.037932840983305,958,80780,4.0
3.5600369192211296,714,80780,3.0
3.497798680016422,145,80780,4.0
3.0226339682496493,2169,80780,2.5
3.9329083124477866,14,80780,3.0
2.7758372259464146,3419,80782,1.0
3.7350338749087486,4,80782,4.0
2.259222903027251,2898,80782,3.0
3.2905998815016053,8757,80782,5.0
4.336045457331463,1857,80786,3.0
3.6059298932639403,1169,80787,4.0
2.6941622457161576,2692,80787,4.0
2.7518960905976466,1184,80787,3.0
3.619289253856911,354,80787,2.0
3.5418931351733898,568,80787,4.0
3.3961087069394753,1208,80787,3.0
3.4030968563478763,1006,80787,4.0
3.982012927259539,1977,80790,4.0
3.02470191609733,725,80790,4.0
3.5717155724512413,351,80791,4.5
4.386122839243884,9,80792,4.0
4.573818282434595,318,80792,4.0
2.498191533748182,1546,80793,3.0
4.386147186147187,54,80793,4.5
3.4360172765367802,2211,80793,2.5
4.122387410383734,1140,80793,4.0
3.751290979551849,1880,80793,4.0
4.059120770816565,847,80793,4.0
3.688801550179451,4182,80793,3.0
5.0,354,80797,5.0
3.083868602283748,27,80798,3.0
4.4721582784577105,409,80800,1.5
4.748797302461518,168,80800,4.0
4.350175714893062,2883,80800,4.5
4.404258251023521,1809,80800,4.0
4.782722081930416,854,80800,2.0
4.124398084177047,616,80801,3.0
3.2370390115455905,656,80801,3.0
3.537088549872893,1328,80801,4.0
3.109517109506785,2716,80802,1.0
3.084561567220741,1605,80802,3.0
3.263916156991419,365,80802,2.0
2.4823279959131708,1544,80802,4.0
4.726023466017404,354,80803,5.0
4.955869392502966,382,80803,4.5
4.789907110665792,479,80803,5.0
4.287087568452455,525,80803,4.0
2.297622290266131,353,80808,1.0
4.06624187461903,1698,80811,5.0
3.721250776216979,1589,80812,4.0
3.1942141964547948,7326,80812,3.5
3.5442438693167553,5044,80812,4.0
4.129543934372595,185,80813,4.5
4.259403925602556,745,80813,4.0
4.327857960027854,1949,80813,4.0
3.954435213758844,1314,80813,3.5
3.867782856969292,707,80813,3.5
3.9605066423302726,97,80813,3.0
4.017346746670377,1503,80813,3.0
4.080976797175428,102,80813,3.0
4.444252083980126,319,80813,4.5
4.211028950904052,889,80813,4.5
3.9607070750674698,2116,80813,2.5
3.33227775268375,6905,80813,3.0
4.590093543844968,6967,80813,5.0
4.341227511121313,10427,80813,4.5
3.215684845989786,1053,80813,3.0
3.7998870335371326,1678,80813,3.0
4.079657242120581,8553,80813,3.0
3.580330531676221,834,80813,4.0
4.048552219636899,4106,80813,4.5
4.20018306478099,1070,80813,4.0
3.672740103956961,9695,80813,4.0
3.652150620002926,4209,80813,3.5
3.9252300430416005,7181,80813,3.5
4.2354869901177645,9579,80813,4.5
3.393275902130653,21825,80813,3.0
2.873865081100189,21038,80813,3.0
2.209392045341058,4472,80813,1.0
3.6331706796727463,7049,80813,3.5
2.866688208939992,22554,80813,1.0
3.136783613260337,7734,80813,3.5
3.6571857094921585,17003,80813,4.0
2.710930709408473,25539,80813,2.5
3.6936623723617026,4615,80813,4.0
3.178524944442795,1856,80815,4.5
4.023823490235255,0,80816,4.0
2.6412066462130714,1136,80816,2.0
4.355554502307347,1778,80817,4.0
4.939263693746246,358,80817,3.0
4.010251778872468,365,80820,3.0
3.672579958539714,81,80820,3.0
4.030748455246474,825,80820,5.0
4.564607532162539,286,80821,3.0
2.7036158708889917,343,80821,3.0
2.6029362702273096,6878,80822,4.0
3.9685001838346956,366,80823,4.0
4.2002263793117445,54,80826,5.0
4.371454203211983,312,80826,4.0
4.247175895174305,324,80826,5.0
4.631054400496908,378,80826,3.0
3.6452038267891917,1680,80826,4.0
3.780614853440628,447,80826,4.0
2.7554270885747707,3532,80827,2.0
3.5407885571158704,2975,80827,3.0
3.800245974735433,57,80828,4.0
4.28424301384084,115,80828,5.0
4.1141235936397225,46,80828,4.0
2.8352049005098006,71,80829,5.0
1.9237478312501584,1546,80831,1.0
3.3726436211467288,989,80831,1.0
3.288935153689846,1552,80831,4.0
2.8165685801742977,562,80835,3.5
3.357763185603628,1749,80835,4.0
2.492262820664989,5221,80835,3.0
3.866954743908367,5253,80835,3.0
3.6995600047131223,2765,80835,2.0
4.187324395824396,1702,80837,5.0
3.871741690983682,2707,80837,5.0
4.6532863778630364,291,80837,3.0
4.093942127765658,978,80837,5.0
3.567988874659604,1240,80837,4.0
4.110526743857627,1243,80837,4.0
3.094586603698999,872,80837,3.0
4.467192527692528,2665,80837,4.0
4.186695672090418,53,80838,4.0
5.0,142,80838,5.0
4.837157483451088,1025,80838,5.0
4.755793189321704,151,80838,4.5
4.23816491257351,355,80839,3.0
4.06073530388592,288,80841,2.0
3.8311347809553555,41,80841,2.0
4.073329851966216,1600,80841,4.5
4.116680536369532,63,80841,5.0
3.8400105978998686,1557,80841,4.0
4.0906401112831166,1976,80841,4.5
4.101234171436374,1418,80841,3.5
4.143565648849071,1526,80841,3.0
4.220345406844774,788,80841,4.0
3.7144269456619936,1033,80841,3.0
3.1670294856658496,1732,80841,3.5
3.400339396306587,1787,80841,4.5
3.5333181174270423,1749,80841,4.5
2.0367618954332003,2528,80841,2.5
4.1800284029615,816,80841,3.5
1.3258163529119142,210,80842,1.5
3.240968397043291,537,80843,2.0
2.5200184006172885,3532,80843,2.0
3.6302033066691166,346,80843,4.0
2.4723891604864834,7031,80843,3.0
3.239311885532274,120,80843,4.0
2.0240694209319203,61,80843,3.0
2.6252764197103526,298,80843,3.0
4.479591887068388,286,80844,5.0
4.389731170444991,34,80844,5.0
4.110211081784612,2841,80844,2.0
3.558978456184339,28,80847,4.5
2.631059558720849,187,80847,4.0
3.984151002506266,140,80847,4.5
4.355198412698413,566,80847,4.0
4.47341418385536,575,80847,4.5
4.396258116883117,593,80847,4.0
4.23015873015873,617,80847,4.5
3.8251030219780215,637,80847,3.5
4.153291104320516,1321,80847,3.5
3.474614845938375,1354,80847,3.0
3.89563721001221,100,80847,4.5
3.598164917811657,103,80847,2.0
3.9438256054384477,373,80847,4.0
3.914987443112443,374,80847,4.0
3.9776818214465273,824,80847,3.5
3.9296518739083197,829,80847,3.0
4.200461068485366,413,80847,4.0
2.9321065286008894,1548,80848,3.5
3.3600761540047257,3,80848,4.0
3.3515976390556226,364,80848,4.5
3.0298292114048415,67,80848,1.0
3.1037117001973202,696,80848,4.0
3.192785407311805,1346,80848,1.5
3.3328963199498913,705,80848,4.0
3.344595113392106,6,80848,3.5
3.9095323514020994,3121,80848,3.5
2.7265597435146307,2033,80848,2.5
2.8015920727265264,308,80848,1.0
3.1705869294009363,1059,80848,3.5
3.2544914347093616,928,80848,2.5
2.970173528889802,4351,80848,3.5
3.815484852156592,1199,80849,4.0
4.1344919876873085,958,80849,4.0
3.540621216844621,51,80850,3.5
3.680543239266643,291,80850,3.5
2.979623946141468,1220,80850,3.5
3.3962599082186062,612,80850,2.5
3.3869205588424927,646,80850,4.0
2.0869772913256956,367,80850,2.0
3.0539247882731924,1715,80850,4.0
3.681269263242667,1025,80850,5.0
1.9845561341388698,15008,80850,1.5
2.371126869302791,22696,80850,2.0
4.600182425845311,2870,80852,5.0
4.030061656846646,151,80852,3.0
3.721446598795672,51,80854,5.0
3.4320625149245076,41,80855,5.0
4.233054265995443,1936,80855,3.0
3.9724647038387895,709,80855,4.0
4.464570588052742,6,80855,5.0
4.3450802957273025,775,80855,5.0
3.6842420440760044,1743,80855,4.5
3.1406408694914347,298,80857,0.5
3.1775004325523852,670,80857,3.5
3.3619817938810685,1729,80858,3.0
2.773139684730964,1909,80863,3.0
3.228498696643858,1704,80865,4.5
3.3050032647536454,345,80865,3.0
3.947405198638595,51,80865,4.5
3.450871585193217,738,80865,3.0
3.8281289275240886,59,80865,4.5
3.8759770516222125,1263,80865,4.5
3.0731288214210415,5,80865,4.5
3.1504294736795826,378,80865,4.0
3.816330092660908,533,80867,2.0
4.2319570482879625,55,80869,4.0
4.409256291325672,115,80872,5.0
3.0545121219658014,2611,80872,3.0
3.0590765600817287,2544,80873,3.0
3.5891923468323528,370,80874,3.0
3.3840150097073574,833,80875,3.5
3.617525173260411,527,80875,4.0
3.630760866799022,1229,80876,5.0
3.6491615978622587,34,80877,4.5
3.7108592871428785,852,80877,4.0
3.214269322996975,2411,80879,2.0
3.5492635173895954,1023,80879,4.0
3.9523499048154713,191,80881,4.0
3.270626540188867,1926,80882,3.0
3.7410667426895383,848,80887,5.0
3.2120705794870004,36,80888,4.0
3.6657901882038377,1551,80888,4.0
4.077133031884996,649,80889,3.0
4.205670315295515,8,80889,4.0
3.7280447160536268,399,80889,4.0
3.1313259646825564,733,80891,3.0
3.0376300568114476,6180,80893,3.5
3.6246839585041988,1168,80894,3.0
4.012782488803689,538,80895,5.0
3.902535905527363,1208,80895,5.0
4.248560025113628,118,80896,3.0
3.3995141377364715,1219,80896,4.0
3.819430217241106,53,80896,3.0
3.8065767718553314,3,80896,5.0
3.198745736714822,200,80896,3.0
3.394285641534471,1029,80896,3.0
3.070661976911977,1222,80897,3.0
3.7659097958713605,3,80897,4.5
4.159926825421662,979,80898,1.0
4.554878140557507,756,80898,5.0
4.13589220141066,14,80899,5.0
3.8044579483832366,1,80900,5.0
3.5450206320882214,1076,80900,4.0
4.4355858122718175,973,80901,4.5
5.0,2356,80901,5.0
2.0473106220107593,12758,80902,1.0
1.2895189393639521,17631,80902,4.0
1.879998155935372,2133,80902,1.0
1.9632854000935551,4559,80902,1.0
4.242951720974977,346,80903,4.0
3.569800729398625,1227,80903,4.0
3.1979042805124145,6298,80903,5.0
3.4811467954975406,364,80903,5.0
4.320852717876505,1168,80904,4.0
4.280310188086998,1465,80904,4.0
4.270247821573061,98,80904,2.0
4.499260219695858,616,80905,4.0
3.83386548711954,316,80905,4.0
4.426681186292237,111,80905,5.0
4.33628548582998,2194,80905,2.5
4.646998343975308,14,80905,5.0
3.0371130338100154,1156,80906,3.0
3.7954566675154915,192,80906,3.0
2.686422138233284,5205,80906,2.0
3.369596254165314,1319,80906,2.0
4.040491854636592,72,80906,5.0
4.185787968696251,1617,80906,4.0
3.9615704828255307,2030,80906,4.0
2.96822209653092,1485,80906,1.0
4.302436424238459,15947,80906,5.0
3.153245152402202,745,80907,0.5
4.368115440203984,337,80909,4.0
4.439538201430807,819,80909,4.0
3.239553842889526,157,80909,4.0
4.758313939581544,160,80909,4.0
4.431663613853161,4052,80909,4.5
3.622053264642904,4902,80909,4.0
3.144400546993426,1546,80910,1.5
3.365594528650364,356,80910,5.0
4.094032850319615,189,80910,5.0
4.022786935286934,205,80910,4.5
3.3615638053467,1132,80910,3.0
3.187901628600158,686,80910,4.5
3.7055860805860807,141,80910,3.0
3.5908035714285713,766,80910,4.5
3.639978433402346,961,80910,4.5
4.128499490705373,311,80910,2.5
3.342463304061609,9327,80910,3.5
4.6363482302104915,57,80911,5.0
3.85112596944734,3216,80911,5.0
2.7795840118640847,2535,80911,4.0
3.7225674132908138,2683,80912,1.0
4.806095670450507,8,80913,5.0
3.794385727742052,406,80913,1.5
3.606694851979214,9417,80913,3.0
3.517387679363689,845,80914,4.0
4.731603743164789,1781,80915,5.0
1.7510976839760706,2971,80918,1.0
3.0657024392949395,663,80918,5.0
4.049985739901996,4528,80920,4.0
3.5357544502281346,1545,80921,3.5
3.589471021864315,536,80921,3.5
3.8098134602811378,992,80921,3.0
3.5329765795206973,1297,80921,3.0
3.372132352941177,683,80921,4.0
3.738084680842034,1469,80921,3.0
2.8845160769407543,254,80921,3.0
3.962422969187675,6339,80921,2.0
2.764117606480307,336,80921,3.0
3.4525954478707783,991,80922,4.0
3.7795398923152232,1832,80922,4.0
3.303775101550432,357,80922,2.0
2.4194893872647176,41,80922,1.5
3.0643453491093844,3507,80922,1.5
4.231588954364285,118,80922,4.0
3.4826256148336223,3685,80922,4.0
3.6035478288231597,1213,80922,5.0
3.911148090813788,600,80922,4.5
3.7977786172727366,3231,80922,4.0
3.221464495489826,749,80922,3.5
2.9194208446961754,1846,80922,3.0
3.2736668764422068,1259,80922,5.0
3.1701076578829888,218,80922,4.0
3.383333291898096,1277,80922,1.5
3.4935478288231594,1300,80922,2.0
3.395552727905839,2543,80922,4.5
3.58622621276195,3034,80922,4.5
3.3850954478707784,1021,80922,4.0
2.7791184241147144,1370,80922,2.0
3.2412859240612546,881,80922,1.0
3.293465679790457,1413,80922,1.5
3.136893244957568,8694,80922,4.5
3.477003277053529,782,80922,4.5
3.839814083623234,3762,80922,4.5
3.2099526271244123,2867,80922,4.5
3.0778771759466244,2054,80922,2.0
2.312404645308917,3312,80922,1.0
2.9892138279042038,3138,80922,4.5
3.8642887723653785,5521,80922,4.5
2.865170009378315,5446,80922,3.0
3.3696697633279964,888,80922,3.5
2.1668567273934833,266,80922,1.5
3.780211099973007,3172,80922,2.5
3.8063311051234923,2109,80922,2.0
3.8321935517756582,2522,80922,3.5
3.3138615744642643,3873,80922,4.0
3.544182978751592,9704,80922,3.5
3.130599400788631,3903,80922,2.0
2.8495546737867627,2128,80922,3.0
3.5600007396251883,2448,80922,2.0
3.241790899631265,5483,80922,1.5
3.9943670762756005,6475,80922,3.5
2.147545239349982,10536,80922,3.5
3.34730206967768,12084,80922,4.0
3.9257032634741336,13213,80922,3.0
3.3705675844821603,18045,80922,3.0
3.1713848343091486,20811,80922,3.0
3.5189820150037674,898,80922,3.5
2.6089722372498443,2209,80922,4.0
3.01163104048851,7937,80922,3.5
2.9867750087474105,14993,80922,1.5
3.533966077707751,9361,80922,3.5
3.3167548949663264,12136,80922,2.0
3.427761093379244,9087,80922,4.0
3.893362982989098,7002,80922,4.5
3.790364054984261,8877,80922,3.5
3.719289984363274,845,80922,3.5
3.738777093728237,7596,80922,3.5
3.4837007250709053,9827,80922,3.0
2.155144081213895,2928,80922,2.5
3.519984720183473,2789,80922,3.5
4.111331560610531,9956,80922,5.0
3.065652950947027,19393,80922,4.0
4.427578094532482,22149,80922,2.5
2.9159539653215334,21278,80922,2.5
3.75546920701308,9104,80922,4.5
3.699976400251731,949,80922,3.5
2.5580365915992926,6082,80922,4.0
2.4398915586737293,20410,80922,1.5
3.0047350872444647,20893,80922,3.5
3.6047029903745496,36446,80922,2.0
2.772133748046009,1712,80923,1.0
4.218025194812831,34,80926,5.0
4.794932662345298,579,80926,5.0
4.38873024529102,123,80926,5.0
3.539175081099634,638,80926,4.0
3.872202602293778,2870,80926,5.0
4.403217669853117,380,80926,3.5
3.4729550768028514,848,80928,3.0
3.789137824827905,849,80928,4.0
3.491536544590605,20111,80928,3.5
4.376458380331998,1576,80929,3.0
4.19835508593129,1704,80929,3.5
4.674307824952135,997,80929,4.0
4.241718911152514,364,80929,4.0
3.1541210595080806,4340,80929,3.5
3.958183578976957,49,80931,3.0
3.367150710978836,350,80933,4.0
3.8447787969022005,45,80933,4.0
4.039392091874628,625,80933,4.0
3.2260516520330027,158,80933,3.5
3.8009942889036097,2832,80933,3.5
2.590752936296365,2975,80935,3.0
3.792616599843599,1221,80936,3.0
3.94764828738513,649,80936,5.0
3.90428366631885,663,80936,3.0
4.073083736854597,1323,80936,5.0
3.609816925229077,1349,80936,2.0
3.2586622348942185,1021,80936,3.5
5.0,612,80939,5.0
3.7225020585040807,4969,80942,4.0
3.5932936156300066,2035,80942,2.0
3.5138685910018856,3906,80942,4.0
3.3843132576433717,33,80945,4.0
3.584968900887025,2342,80946,3.0
3.2047455582894635,1927,80946,4.0
4.7901687449096935,121,80946,4.0
3.7840666812892656,69,80946,4.0
3.800517948728875,2000,80946,4.0
2.7345862185240413,6007,80946,4.0
4.064225109811543,1464,80946,4.0
3.6123486166894674,2550,80946,4.0
2.9487876565542805,2755,80947,1.0
2.5936470255276665,939,80947,0.5
3.4723494397759107,180,80947,3.0
3.0903113553113557,182,80947,0.5
5.0,1693,80948,4.5
3.744354528901472,286,80949,5.0
3.0768762514599595,1916,80949,3.5
3.628385089843798,5,80949,4.5
3.5193155499066107,242,80949,1.5
4.29802735633204,318,80949,4.0
4.475424993524569,320,80949,4.0
2.665753749354721,1379,80950,2.0
1.2408605778234982,3384,80950,3.0
3.334311509717987,183,80951,5.0
2.781384097094539,3688,80951,3.0
2.376187807330738,1971,80951,1.0
3.292428234442162,2033,80951,2.0
3.6474013336084816,16,80952,3.5
3.379875151348869,29,80957,3.0
4.166682767646379,1980,80958,4.0
4.836610817928227,141,80958,3.5
3.7898988321468585,1199,80959,3.0
3.239874559583639,341,80961,2.0
3.4603396042530243,479,80961,5.0
4.013457073056069,2083,80963,4.0
4.302967871740615,1825,80968,4.5
3.3543047102565744,1152,80969,4.5
3.989374676309038,50,80969,5.0
4.2969099971284175,560,80970,3.0
4.235304699664281,1747,80970,3.5
3.123571274113727,1167,80973,3.0
3.3326881294805824,357,80973,2.5
3.85667710982279,1710,80973,5.0
2.7396583161566515,3357,80973,2.0
3.0852046407470937,1852,80973,3.0
2.703117251012645,1022,80973,2.0
3.2622762496937026,3181,80973,1.0
3.447831300816209,2097,80973,3.5
2.584605705368747,1036,80973,3.0
3.4158328205383173,337,80973,2.5
3.3686537194461725,2184,80973,0.5
4.0525510679377685,51,80974,4.5
3.8622807214623407,150,80974,3.0
3.5587224525598486,1762,80974,4.0
2.878283311775023,879,80977,3.5
2.685508015490098,2548,80977,2.5
4.508539545961892,996,80979,1.5
4.477387759314524,241,80980,4.5
4.330075618847962,455,80980,4.0
4.743162815237404,26,80980,3.5
3.8828523630018323,318,80982,3.5
3.7815217303552506,320,80982,4.0
4.035301014094985,177,80982,4.0
3.4468527376049,286,80983,4.0
1.994169190817982,1244,80984,1.0
4.0299507885629415,1256,80984,4.0
3.1172516641065027,1363,80984,3.0
4.343697438488183,3,80985,3.0
4.07366180242738,161,80986,5.0
3.0954193335295273,1237,80989,3.0
2.245046634994072,1957,80989,2.0
2.128769507794024,259,80989,1.0
2.8394801247914057,1669,80989,2.5
2.8308111567080427,2436,80989,3.5
2.3746082409197173,336,80989,0.5
2.6273212530791383,3634,80989,4.0
3.3982798413253743,3511,80989,4.5
2.5426067596655413,1052,80989,3.0
2.3348074603827973,462,80989,1.0
3.0062180396543203,466,80989,2.5
3.0293691491097485,4150,80989,3.5
2.573711777654057,6609,80989,1.0
2.960844466089211,5422,80989,4.0
2.86304296100612,5297,80989,3.5
3.134749073481341,37539,80989,3.0
3.913024556502876,3332,80990,3.5
3.9292532944342,38,80990,3.5
4.381959380569279,122,80990,5.0
3.5913845204878396,4657,80990,1.0
3.113224625976758,2840,80990,3.0
4.166534318931564,3712,80990,5.0
3.9211063264596455,1666,80990,4.5
3.6512366623546875,969,80990,2.5
3.156713524816844,111,80990,3.5
3.823111874832841,330,80990,0.5
3.717899672002991,2626,80990,4.0
3.505138891533753,9062,80990,4.5
3.912620086850483,18066,80990,4.0
3.740764176147491,1001,80991,5.0
4.140970099487094,119,80991,4.5
4.778883237820957,120,80991,4.5
4.130893164213293,747,80992,3.5
3.9750370717763186,2739,80992,5.0
3.817368573435994,960,80992,4.0
4.089598346286123,808,80992,3.5
4.029115813668554,2497,80992,4.0
3.898795241710959,169,80992,5.0
3.904190705382662,4460,80992,2.5
3.6174668933089333,1822,80992,3.0
3.884987198593215,1686,80992,4.5
3.907972842102056,3062,80995,4.0
3.7923800956414535,2975,80995,4.0
3.316653448890291,991,80997,4.0
4.1361241703159,1832,80997,5.0
3.5839815175809093,1552,80997,3.0
4.039551125474113,118,80997,5.0
4.141298701298701,59,80997,4.0
4.019796001100349,1361,80997,4.0
3.4842940961708577,358,80998,3.0
3.4958526218027384,1159,80998,4.5
3.8941730575882283,342,80999,3.0
4.177899053699301,288,81002,5.0
4.2979613555746825,604,81002,3.0
3.8490346733980716,1325,81002,5.0
4.146058179409244,1382,81002,2.0
2.4947009385779304,736,81004,3.5
3.168130005927181,3208,81005,3.0
3.5785818647450833,630,81005,3.0
2.8892069138224565,1248,81005,4.0
3.4242078266144707,5001,81005,3.0
4.3695444398425085,732,81008,4.0
4.51189705663173,77,81008,4.0
4.288391697254701,8,81008,5.0
5.0,2,81009,5.0
3.9771618464784426,100,81009,4.0
3.9873558937281532,762,81010,4.0
3.1603708410947444,314,81013,3.5
4.02855893692718,679,81014,4.0
4.149935078093252,353,81015,3.0
3.4848181142428007,27,81016,2.0
2.4605690228592154,2688,81016,2.0
3.776303920103606,536,81016,5.0
2.7629704443688143,29,81016,5.0
3.0293892375639238,989,81016,3.5
3.563288739225053,65,81016,3.5
2.1618817858652957,757,81016,3.0
2.6338740827840628,1278,81016,2.0
3.417028126452813,1981,81016,5.0
3.571242032333118,782,81016,4.0
2.7867020241725244,1502,81016,3.0
3.492911979589852,314,81016,3.5
3.360007030348643,2090,81016,0.5
2.093988149625639,15965,81016,4.5
3.186591212906357,17964,81016,3.5
3.236289861449842,802,81016,2.0
2.114180402882752,2201,81016,3.5
3.566657211855383,156,81016,5.0
3.207605418587679,1879,81016,2.0
4.312874049913361,825,81016,5.0
3.6964409541324503,409,81016,5.0
3.1164422041340014,14884,81016,5.0
3.273433180269988,2498,81016,4.0
3.173407117922619,2500,81016,5.0
3.2795288975163497,12691,81016,4.0
3.4049335759905213,2822,81016,2.5
3.1988489837186025,2504,81016,3.0
3.739339634389321,1126,81016,5.0
3.5044528820414578,620,81018,5.0
2.925454902147279,1985,81018,4.0
1.698324157976355,5206,81018,1.0
3.1895493541292703,1655,81022,3.0
4.416813725490197,660,81023,4.5
4.280656443718454,762,81023,4.0
4.118648589112986,2226,81023,3.5
3.865649390613894,161,81023,4.0
4.110306287394523,417,81023,4.5
4.400774829844952,860,81023,4.0
3.768999953135379,1896,81024,5.0
3.2925628970466736,333,81026,4.0
2.7093013457836514,1835,81027,3.0
3.622163642652773,141,81032,3.0
3.8042748357239327,4673,81032,4.5
3.093368918568438,8,81032,1.5
2.895548128116465,487,81032,4.5
2.854366780345931,994,81034,5.0
3.961742793644412,115,81038,4.0
4.288413553325163,1230,81038,3.5
3.763452696743342,87,81038,2.0
4.110709459300702,171,81038,3.5
2.956443624781546,1896,81039,4.0
2.6558002446234137,989,81040,4.0
3.190000299298423,1552,81040,4.0
2.5349294633578956,2509,81040,3.0
3.234579959920157,1840,81040,3.0
3.1101049376084475,3656,81040,3.0
2.5326208522064055,1779,81040,4.0
3.2693886114509447,2846,81040,5.0
3.3063005558682574,366,81040,3.0
3.5321211648601754,2295,81040,4.0
3.7704858420114418,1699,81041,3.5
3.93693821918369,579,81042,4.0
2.29416433126549,1347,81042,1.0
3.167723155571801,82,81042,3.0
3.6556609663872233,1473,81042,4.0
3.2024761827612633,314,81042,3.0
4.280638952154018,36,81045,4.0
5.0,347,81045,5.0
4.586082308465031,756,81045,4.0
4.692347947583212,655,81046,5.0
5.0,366,81046,4.5
3.382226163089965,1038,81050,2.0
3.6181887015142276,51,81054,5.0
3.4872553847158265,358,81056,4.5
3.8793283819376487,71,81056,4.0
3.6978871235123925,234,81056,3.5
3.207445004104252,2039,81056,3.0
4.192670507905331,4040,81056,4.5
2.4047138851033436,4118,81056,2.5
3.420645016877278,2729,81056,3.0
1.8083021945898734,43,81058,3.0
4.237651787678059,181,81059,4.5
3.8395299030543395,139,81061,4.0
4.195281790756184,1090,81061,4.0
4.099250664156888,604,81063,4.5
2.9471686991869914,201,81063,5.0
3.8502163182346107,296,81063,5.0
4.239584315433491,874,81063,4.0
3.903601158749259,2382,81063,4.0
3.6502372037818125,1486,81063,5.0
3.7142853048035973,1504,81063,4.0
4.397738248059172,796,81063,4.5
4.309491348759641,169,81063,3.5
4.058605723591896,1072,81063,5.0
4.340052406327163,4885,81063,4.5
4.046731076961443,4374,81063,2.0
3.648414730933024,2803,81063,5.0
4.027446632481443,1671,81065,2.5
2.3242350969778247,1653,81069,3.0
2.3393339069159937,357,81069,3.0
3.8132469178085713,1208,81070,4.5
4.038301648528265,614,81070,2.5
4.356457532676795,1307,81070,4.0
3.686872546584456,305,81070,3.5
3.7409134648165505,3121,81070,3.0
3.2769524421790575,1726,81070,3.5
2.612586834520183,6216,81070,2.5
3.838592517574938,2196,81070,3.5
4.305890592493109,13494,81070,3.5
3.953401205017526,1678,81070,3.5
3.522209974679237,447,81070,3.5
3.4348085780465314,500,81070,4.0
3.537134914290709,1151,81070,4.0
4.245547213420887,4163,81070,4.0
2.792839695020317,10861,81070,2.5
4.2053180179042835,4272,81070,4.0
3.9483553366701876,1109,81070,5.0
3.887572208705723,203,81074,5.0
4.212668313760991,139,81075,2.0
4.52333028083028,140,81075,4.5
4.352491145192508,8231,81075,4.0
4.082733178903368,2815,81075,4.0
3.703941143989047,20804,81075,3.0
3.8862442667527985,2527,81075,4.5
4.115236119789364,2749,81075,3.0
3.960784726238674,816,81075,2.5
2.959026265949368,391,81075,3.5
3.6552670662407487,5791,81075,3.5
4.373331886922017,2756,81075,4.5
4.206589631129105,409,81075,3.5
4.10168187810754,2327,81075,4.0
2.910941177287908,3408,81075,3.5
3.6987350368929315,1073,81075,5.0
3.861421289015388,4203,81075,4.0
3.66053252526919,5714,81076,4.0
3.9753592561284874,34,81076,2.5
3.6198847748677156,312,81076,4.0
3.715651455561502,1042,81076,3.5
4.130175017475222,140,81079,5.0
4.410000129252543,59,81080,5.0
1.6624238345337856,710,81081,1.5
3.7057166351793267,588,81083,3.0
3.553288654070388,615,81083,3.0
3.5142525246987115,54,81083,2.0
3.8254900987142157,707,81083,4.0
3.568602750345037,1398,81083,4.0
3.523371828304451,2974,81085,3.0
2.5903571315065843,872,81085,3.0
2.417731227106227,367,81085,1.5
3.1222514367456564,354,81087,3.5
3.104094871089091,355,81087,4.5
1.4954593399535596,2608,81087,1.0
2.6845601179375214,579,81087,4.0
1.5819031738973937,1216,81087,3.0
2.806738145942892,606,81087,5.0
2.2205561222562245,1007,81087,1.5
2.371238625786293,3128,81087,4.0
1.892800397159168,1486,81087,4.0
2.438888827133047,2054,81087,0.5
2.264170967329244,5010,81087,0.5
2.161032613298572,1784,81087,0.5
2.366823908473326,7341,81087,1.5
2.5875508419497892,3441,81087,1.5
3.2254005771457144,4953,81087,2.0
2.881761820011766,1642,81087,4.0
2.604134553628773,951,81087,1.5
2.508351541910878,7063,81087,2.0
3.147193157349627,400,81090,5.0
3.9738017887941295,1762,81090,2.0
5.0,9,81091,5.0
4.222900232020585,4572,81091,4.5
4.789669231839443,2586,81091,5.0
4.622012984914985,4237,81091,5.0
3.657838806723834,380,81092,4.0
3.4814143321863478,537,81093,4.0
3.9793325261879318,615,81093,2.5
4.545748019037493,154,81094,4.0
4.67522992452067,177,81094,5.0
3.8361923990861837,1106,81094,4.5
3.4060720638259196,989,81095,4.0
3.14792812443198,1547,81095,3.5
3.47239473603675,139,81095,4.0
2.266223578977435,343,81095,2.5
3.6098148488187047,566,81095,4.5
3.3984217828203755,736,81095,2.5
3.4104100869139424,195,81095,3.5
2.8301203766242327,1632,81095,3.5
3.4695767535806095,1955,81095,3.0
2.562195801199657,1262,81095,4.0
2.973512656910776,1557,81095,1.5
2.9703001968040526,2665,81095,3.0
3.7229852748838677,2669,81095,3.5
2.9072965338003898,80,81095,1.0
2.9537434202472763,87,81095,2.5
3.315023182152038,883,81095,2.5
3.210316933691903,3773,81095,1.0
3.6383288456995952,1162,81095,3.5
3.186723609736199,2066,81095,2.0
3.162281731013916,2095,81095,4.5
3.269838546975561,2674,81095,3.0
3.257062977579225,815,81095,2.5
3.529942477327795,1887,81095,3.0
3.665561468782849,4042,81095,3.5
3.4387107488419115,4046,81095,3.0
3.275855371527567,7000,81095,3.5
3.6326719916758474,162,81095,4.0
2.996133892363621,6791,81095,2.5
4.025091361747123,2764,81095,4.5
3.971036147161361,1151,81095,3.5
4.363114145658264,479,81096,5.0
4.5489826017432655,171,81096,4.5
3.8525035530314327,1078,81096,5.0
3.0448476702643887,910,81097,3.5
3.9460392401979645,2665,81098,4.0
4.505041913637128,915,81098,4.5
3.9580959637317115,857,81098,4.5
4.2019025792008655,947,81098,4.5
3.3742803123310274,1110,81098,4.5
3.196428342582155,357,81100,3.0
3.638722500279769,1657,81101,3.0
4.578238004941522,90,81103,4.5
4.433857838761214,111,81103,5.0
2.580823808651466,2162,81103,3.0
4.187042042042042,835,81103,4.0
2.8364892064298344,1172,81105,4.0
2.966844909061734,286,81105,4.0
2.6492792781056766,2973,81105,3.0
3.272833800186741,345,81105,3.0
3.1777130272398812,350,81105,2.0
3.496329813976873,196,81105,5.0
3.615618943105398,1600,81105,5.0
3.0873541153978463,197,81105,4.0
3.8183099906629314,292,81105,5.0
3.167169146213264,294,81105,4.0
3.140589377942319,4,81105,3.0
3.2247939529120178,2451,81105,4.0
2.802904565334906,638,81105,1.0
2.7597286414565825,754,81105,1.0
2.719994814958308,66,81105,3.0
2.450539101724973,3455,81105,4.0
2.5323542846813454,9908,81105,3.0
3.0100353731236082,2546,81105,4.0
3.0493323996265174,3661,81105,3.0
2.679321432384872,1366,81105,3.0
3.0979472168722375,714,81105,5.0
2.676377017721894,237,81105,2.0
2.4099333672863086,133,81105,1.0
3.77715526819242,2303,81105,5.0
4.244812663586503,2404,81106,3.0
3.9778053946803946,1176,81108,5.0
3.56232524982525,357,81108,5.0
3.6172620940268,362,81108,3.5
3.762619462780753,1664,81108,3.5
4.825874986552231,241,81108,4.0
4.00428375915218,727,81108,3.5
4.455343320376989,837,81108,4.0
3.8046068345545905,472,81108,2.5
3.5824453936517644,1678,81114,3.0
4.336356338153831,516,81114,3.0
3.5299537797504814,7228,81114,3.5
3.5240451788311162,354,81116,4.5
3.5077591769971783,338,81116,2.5
2.877648147448749,866,81118,0.5
3.684872862471301,613,81120,4.0
2.99639334209176,871,81120,1.0
3.8580294269222843,612,81121,4.0
3.9153769205976032,2982,81121,5.0
3.7722749021917656,3396,81121,5.0
3.821234426179586,498,81121,3.0
3.987713138984347,8606,81121,1.0
3.128811860706533,324,81123,3.0
4.754936704041559,538,81124,5.0
3.662219432044376,342,81125,3.0
3.2157369383450374,1914,81125,4.0
3.5633851306559086,36,81125,5.0
3.6465708978274494,1206,81126,5.0
3.7411596854709432,585,81126,2.0
3.3401400537666426,1901,81127,3.0
4.514902227867052,286,81127,4.0
3.7769599365724877,2957,81127,3.0
3.6940611245259487,591,81127,5.0
3.3353129282777525,866,81127,3.0
3.8220516389135217,361,81127,5.0
4.177881704858449,350,81128,4.0
4.542465236629321,3031,81128,3.0
4.121444571138707,749,81128,4.5
4.699069952319992,3458,81128,4.0
3.0792758978195103,760,81128,4.0
4.370104787646547,8,81128,4.0
3.726682210012268,1509,81128,4.0
3.7297595034335207,4888,81128,2.5
3.393216145572358,287,81133,3.5
3.382875380389442,1654,81135,5.0
4.003460560507579,34,81135,5.0
3.6488041675595966,138,81135,5.0
4.767389682471031,15581,81137,4.0
3.6268386287316496,546,81140,2.0
3.347845173728542,1916,81140,3.5
2.7721681427211533,3059,81140,4.0
3.328701822263733,289,81140,3.0
4.003165715195119,614,81140,4.0
3.74241164921466,1232,81140,3.0
3.306623748389994,127,81140,4.0
2.93558221639258,1847,81140,3.0
3.8198664588977307,3108,81140,5.0
3.6041066743907217,1606,81140,2.0
3.4468416238598727,1611,81140,4.0
2.773005470247753,706,81140,4.0
3.016727125405136,1135,81140,2.0
3.033274744452755,1381,81140,3.0
3.374373645551656,1382,81140,4.0
2.798626365870553,234,81140,3.0
3.269553738816482,7107,81140,3.0
3.607331003926216,1434,81140,3.0
3.416197717365952,7287,81140,3.5
3.996584966184195,1483,81140,3.0
3.3680584707527546,1500,81140,4.0
3.094810108598413,1518,81140,5.0
2.2522795842243246,5402,81140,2.0
3.275570514135776,2493,81140,3.0
3.3954984206954313,10217,81140,2.0
3.708070151456324,3595,81140,3.5
3.4317004203591397,12980,81140,3.5
2.886090678518689,4665,81140,4.0
3.2519893132846014,3426,81140,4.5
3.0081933267272616,197,81141,4.0
2.960646530760196,61,81143,4.0
3.5829105759666238,660,81143,5.0
3.2514598829061905,1965,81143,2.0
3.473168214654283,366,81143,4.0
3.9753110717971403,1348,81143,3.0
3.937295945624119,769,81143,4.0
3.5563023132464915,1666,81143,4.0
3.4543727558369217,95,81143,3.0
2.8550548826181865,308,81143,4.0
3.390793792787381,13725,81146,5.0
1.9232461782366905,2690,81147,4.0
3.1664918531709265,5508,81147,3.0
3.3913956849660574,347,81147,4.0
3.821776122162152,112,81153,0.5
3.6656215285850835,445,81153,2.5
3.1002954777356444,2732,81153,1.5
3.0259952305782694,5687,81153,1.0
2.7922620416797503,43,81155,1.0
3.3787652078648445,732,81157,5.0
3.2032414506883113,344,81157,3.5
2.937149046248683,1704,81157,4.5
2.86928524338488,3542,81157,3.0
3.203923938023575,1213,81157,2.0
3.2383286999283367,871,81157,3.0
3.442614414214051,1252,81157,1.0
3.57666203326167,669,81157,4.5
3.192852509452146,302,81157,5.0
3.5569001284997652,78,81157,1.0
3.073209652309289,2015,81157,2.0
2.4442109186902248,3662,81157,3.0
1.9490639923661177,2018,81157,3.0
3.3639223716075346,1423,81157,4.0
2.8893809325406075,3309,81157,1.5
2.9384972770589544,1721,81157,3.0
2.5823656811843043,6950,81157,5.0
3.712642956835389,7299,81157,2.5
2.606789029569534,3811,81157,2.0
3.8471418386454506,2088,81157,4.5
3.726232892891864,2356,81157,5.0
3.313831568153091,2441,81157,4.5
3.7456964863636806,2157,81157,4.0
2.4596418498765207,10136,81157,2.0
3.213296164272283,4809,81157,3.5
3.4835466359764746,5527,81157,3.5
3.8387335719715048,7942,81157,3.0
2.957343177445153,1053,81157,3.5
3.4307173795295736,2593,81157,4.0
2.2512479445256752,7501,81157,2.5
2.5080842353542705,4810,81157,2.5
3.6460038351147683,7077,81157,3.0
3.772915437375046,4071,81157,4.5
3.7588855401774066,7039,81157,4.0
3.342565042889202,3637,81157,3.5
4.067186327584021,533,81157,4.5
3.7623930952736693,846,81157,5.0
3.066227479965199,2498,81157,4.0
2.2563573882216033,7175,81157,3.0
2.6340086997416954,4232,81157,4.0
2.725371963105077,9639,81157,3.0
3.416591573249012,853,81157,3.5
2.7133847036718794,15474,81157,3.0
3.51745897507647,7612,81157,2.0
3.488215877647237,4288,81157,4.0
3.781361788029433,29,81158,4.0
3.7413682261335515,624,81159,4.0
3.004651852993083,1167,81161,4.0
3.2410446171106977,342,81161,4.0
2.7058776638632476,273,81163,3.0
2.0080639729653327,5614,81163,3.0
3.106832140099187,324,81163,4.0
1.4548940159947943,7067,81163,3.0
2.9425347804644244,1673,81163,3.0
2.367688279774835,2497,81163,2.5
2.6081229063739,2755,81163,2.5
2.657573091108297,1057,81163,2.0
3.0003370188731417,2917,81163,2.5
2.366535581465139,4271,81163,2.5
2.541610569240603,1102,81163,0.5
2.4551289579703073,1647,81163,2.0
3.368825044644626,173,81164,4.0
3.346211703624219,1800,81165,3.5
4.005474130050702,2932,81165,4.5
3.885243135358812,366,81166,3.0
5.0,0,81167,5.0
2.9629614608504395,1001,81169,1.0
4.410511077575303,10,81172,5.0
2.6688819132565578,20,81173,3.5
3.954739574151339,592,81174,3.0
4.18377769936847,657,81174,3.0
3.4526567778012476,6880,81174,4.0
3.853547299716321,2282,81174,3.0
3.128036928757517,1665,81174,5.0
4.789680797193919,615,81175,4.5
4.557269261105749,9016,81175,4.0
3.5804907763714913,349,81178,3.0
4.119976098154944,634,81178,4.0
4.196483982297416,51,81180,5.0
4.218467965347962,587,81180,4.5
4.069350541663975,1001,81180,5.0
